# TStellate3_CT1 Optimisation
# 20130903+13:45:23
 
#param.w.x[lsr][ts] = 0.0016202	[1e-07,0.3]
#param.w.x[hsr][ts] = 0.00088558	[1e-07,0.3]
#param.w.x[ds][ts] = 0.00040527	[1e-07,0.3]
#param.w.x[tv][ts] = 0.00032426	[1e-07,0.3]
#param.w.x[glg][ts] = 0.00014179	[1e-07,0.3]
# final error=83.506300
# Threshold level 20 
# Threshold rate 0 
# TS exemplar RMP -60.9
# TS exemplar CF 9100
# CV RMS errors:	
# Penalties :	
# IV RMS errors:	
# IV Penalties :	
# Final Error  83.5063   83.5063
# Time	 IV @spl=20 (mV)	 IV @spl=30 (mV)	 IV @spl=40 (mV)
-50.00	-65.000000	-65.000000	-65.000000
-49.90	-64.766934	-64.766934	-64.766934
-49.80	-64.545736	-64.545736	-64.545736
-49.70	-64.335646	-64.335646	-64.335646
-49.60	-64.136115	-64.136115	-64.136115
-49.50	-63.946649	-63.946649	-63.946649
-49.40	-63.766647	-63.766647	-63.766647
-49.30	-63.595652	-63.595652	-63.595652
-49.20	-63.433250	-63.433250	-63.433250
-49.10	-63.279047	-63.279047	-63.279047
-49.00	-63.132590	-63.132590	-63.132590
-48.90	-62.993458	-62.993458	-62.993458
-48.80	-62.861308	-62.861308	-62.861308
-48.70	-62.735827	-62.735827	-62.735827
-48.60	-62.616717	-62.616717	-62.616717
-48.50	-62.503695	-62.503695	-62.504012
-48.40	-62.396372	-62.396372	-62.397270
-48.30	-62.294460	-62.294460	-62.296153
-48.20	-62.197712	-62.197712	-62.200371
-48.10	-62.105895	-62.105895	-62.109654
-48.00	-62.018788	-62.018788	-62.023748
-47.90	-61.936179	-61.936179	-61.942411
-47.80	-61.857864	-61.857864	-61.865418
-47.70	-61.783649	-61.783649	-61.792552
-47.60	-61.713277	-61.713277	-61.723538
-47.50	-61.646526	-61.646526	-61.658144
-47.40	-61.583227	-61.583227	-61.596185
-47.30	-61.523219	-61.523219	-61.537492
-47.20	-61.466349	-61.466349	-61.481904
-47.10	-61.412473	-61.412473	-61.429268
-47.00	-61.361448	-61.361448	-61.379439
-46.90	-61.293588	-61.313139	-61.312725
-46.80	-61.224214	-61.257648	-61.254213
-46.70	-61.154680	-61.188892	-61.182896
-46.60	-61.076064	-61.091847	-61.103446
-46.50	-61.001415	-60.985367	-61.019029
-46.40	-60.910618	-60.903020	-60.941605
-46.30	-60.799494	-60.809952	-60.860495
-46.20	-60.665625	-60.709963	-60.777411
-46.10	-60.535406	-60.615513	-60.674810
-46.00	-60.380810	-60.486883	-60.587678
-45.90	-60.190782	-60.326754	-60.502828
-45.80	-59.994230	-60.134321	-60.372468
-45.70	-59.794228	-59.968361	-60.240368
-45.60	-59.612850	-59.765686	-60.117587
-45.50	-59.445563	-59.517680	-60.012088
-45.40	-59.261907	-59.268560	-59.882591
-45.30	-59.077185	-59.002072	-59.755388
-45.20	-58.879603	-58.723602	-59.611494
-45.10	-58.691889	-58.455406	-59.408664
-45.00	-58.520630	-58.193924	-59.163225
-44.90	-58.311159	-57.960829	-58.900087
-44.80	-57.822443	-57.743325	-58.644420
-44.70	-57.698486	-57.450158	-58.429164
-44.60	-57.567254	-57.157913	-58.232310
-44.50	-57.683451	-56.796795	-58.042442
-44.40	-57.831770	-56.282864	-57.822638
-44.30	-57.926079	-55.653857	-57.595790
-44.20	-57.880199	-55.084891	-57.360154
-44.10	-57.760085	-54.647059	-57.106338
-44.00	-57.630828	-54.154139	-56.709825
-43.90	-57.479467	-54.044535	-56.214852
-43.80	-57.298497	-54.133848	-55.989379
-43.70	-57.064765	-54.353287	-55.812065
-43.60	-56.793932	-54.291096	-55.643280
-43.50	-56.416698	-53.930383	-55.205606
-43.40	-55.822752	-53.511180	-54.994853
-43.30	-54.995594	-52.957089	-54.965149
-43.20	-54.545647	-52.964777	-55.122546
-43.10	-54.257825	-53.214544	-54.980628
-43.00	-54.830624	-53.435623	-54.562647
-42.90	-55.356976	-53.350672	-54.642498
-42.80	-55.877600	-53.220804	-54.821298
-42.70	-56.117805	-53.281750	-55.589947
-42.60	-56.098573	-53.858396	-55.951897
-42.50	-55.751656	-54.446184	-55.888862
-42.40	-55.220738	-54.916419	-55.387596
-42.30	-54.295968	-55.240455	-55.110944
-42.20	-54.190399	-55.305875	-54.876541
-42.10	-54.311120	-55.776597	-55.314575
-42.00	-55.134641	-56.248458	-55.649831
-41.90	-55.719043	-56.693640	-56.025594
-41.80	-55.813492	-56.416156	-56.167634
-41.70	-55.887866	-56.305561	-55.900904
-41.60	-55.743208	-56.045393	-55.695496
-41.50	-55.827895	-56.281621	-55.179088
-41.40	-55.671307	-56.532954	-54.970106
-41.30	-55.162593	-56.751180	-54.768730
-41.20	-54.543566	-57.213328	-54.538296
-41.10	-53.994151	-57.596421	-54.641286
-41.00	-53.816853	-57.959738	-54.830661
-40.90	-53.662905	-58.065520	-55.117516
-40.80	-53.583738	-57.890261	-55.198376
-40.70	-53.108307	-57.605636	-55.057042
-40.60	-53.163378	-57.407345	-55.147165
-40.50	-53.435611	-57.214806	-55.131408
-40.40	-53.816086	-57.060858	-55.123949
-40.30	-54.001561	-56.948972	-55.165901
-40.20	-53.784855	-56.789270	-55.284557
-40.10	-54.281141	-56.946982	-55.371613
-40.00	-55.116030	-57.000502	-55.448573
-39.90	-56.105093	-57.226171	-55.511137
-39.80	-56.865690	-57.107457	-55.671460
-39.70	-57.430642	-57.063686	-55.860883
-39.60	-57.681759	-56.951938	-56.050566
-39.50	-57.876504	-57.025433	-55.848431
-39.40	-57.655756	-56.905250	-55.670006
-39.30	-57.119111	-56.659884	-55.307331
-39.20	-56.919771	-56.383928	-55.435146
-39.10	-56.816979	-56.080591	-55.374489
-39.00	-56.901546	-56.039271	-55.912089
-38.90	-57.061223	-55.781890	-56.332469
-38.80	-56.920275	-55.195437	-56.972429
-38.70	-57.203631	-55.021084	-57.461282
-38.60	-57.336157	-54.681519	-57.652470
-38.50	-57.651899	-54.922410	-57.438720
-38.40	-57.748113	-55.253662	-57.317355
-38.30	-57.650930	-55.581153	-57.109527
-38.20	-57.384442	-55.527641	-57.062752
-38.10	-57.007288	-55.574477	-56.964116
-38.00	-56.273094	-55.635243	-56.898122
-37.90	-55.556165	-55.846263	-56.944253
-37.80	-54.868290	-56.169852	-56.936374
-37.70	-54.395534	-56.302687	-56.670197
-37.60	-54.072853	-56.280338	-55.942653
-37.50	-54.179008	-55.960981	-55.107999
-37.40	-54.447475	-55.919143	-54.195591
-37.30	-54.967594	-55.863073	-54.198459
-37.20	-55.376502	-55.717420	-54.337302
-37.10	-55.752467	-55.778364	-55.181935
-37.00	-56.128671	-55.473261	-55.830990
-36.90	-56.603169	-55.804837	-56.529157
-36.80	-56.902628	-55.770974	-57.016032
-36.70	-57.062423	-56.014610	-56.918948
-36.60	-56.740335	-56.247070	-56.811975
-36.50	-56.518197	-56.592089	-56.750077
-36.40	-56.298750	-56.905905	-57.025472
-36.30	-56.402104	-57.151077	-57.139478
-36.20	-56.641876	-57.387409	-57.283274
-36.10	-56.503638	-57.494662	-57.176534
-36.00	-56.686653	-57.139751	-57.134886
-35.90	-56.891369	-56.725267	-56.591849
-35.80	-57.428372	-56.226927	-56.048360
-35.70	-57.899956	-56.016793	-55.904055
-35.60	-58.123774	-55.891007	-56.135466
-35.50	-58.026179	-55.987249	-56.662450
-35.40	-57.663881	-56.237921	-57.138872
-35.30	-57.253758	-56.290231	-57.396600
-35.20	-57.142869	-56.229198	-57.396578
-35.10	-57.245739	-56.194329	-57.038227
-35.00	-57.567476	-56.178065	-57.117491
-34.90	-57.779799	-56.761496	-57.246252
-34.80	-57.876263	-57.319240	-57.792983
-34.70	-57.781239	-57.787021	-58.180758
-34.60	-57.394322	-58.184032	-58.291911
-34.50	-57.128656	-58.440231	-58.158131
-34.40	-56.961527	-58.689068	-57.877390
-34.30	-56.960095	-58.727259	-57.336275
-34.20	-56.946741	-58.363771	-56.911210
-34.10	-56.565275	-57.561624	-56.301032
-34.00	-56.010869	-57.336647	-56.106232
-33.90	-55.715612	-57.353176	-55.795572
-33.80	-55.671774	-58.076985	-55.757775
-33.70	-56.188819	-58.602517	-55.976696
-33.60	-56.803536	-58.861379	-56.398668
-33.50	-57.378220	-58.827732	-56.829369
-33.40	-57.763186	-58.497381	-56.982712
-33.30	-57.868242	-57.868429	-56.634206
-33.20	-57.685247	-57.344572	-56.297961
-33.10	-57.589081	-57.136497	-56.045401
-33.00	-57.412936	-57.223104	-55.996602
-32.90	-57.463375	-57.230023	-56.090803
-32.80	-57.355895	-57.279365	-56.197417
-32.70	-57.011228	-56.992521	-55.879836
-32.60	-56.640330	-57.161368	-55.477505
-32.50	-56.167702	-57.293643	-54.893964
-32.40	-56.218038	-57.657614	-54.847642
-32.30	-56.299127	-57.751556	-55.475474
-32.20	-56.653108	-57.595167	-56.470604
-32.10	-56.805079	-57.542412	-57.426921
-32.00	-56.764704	-57.402862	-57.850401
-31.90	-56.501325	-57.544399	-57.831457
-31.80	-55.901073	-57.577803	-57.512800
-31.70	-55.007150	-57.499276	-57.057651
-31.60	-54.815037	-57.239501	-56.900962
-31.50	-54.765755	-56.865453	-57.100947
-31.40	-55.275019	-56.661147	-57.491532
-31.30	-55.664447	-56.429970	-57.713032
-31.20	-55.866571	-56.644226	-58.011476
-31.10	-56.019274	-56.778258	-58.122687
-31.00	-56.003809	-57.040023	-58.375956
-30.90	-56.096880	-57.119561	-58.514130
-30.80	-55.914542	-57.035964	-58.481262
-30.70	-55.873567	-56.769929	-58.189295
-30.60	-55.357634	-56.159476	-58.093759
-30.50	-54.256447	-55.642791	-57.976652
-30.40	-53.097992	-54.446526	-58.042972
-30.30	-53.171464	-54.173459	-58.056492
-30.20	-53.803714	-54.250563	-57.957159
-30.10	-55.168096	-55.064270	-57.751846
-30.00	-56.146075	-55.878728	-57.485116
-29.90	-56.832455	-56.025637	-57.124309
-29.80	-57.290122	-55.965119	-56.628382
-29.70	-57.635479	-55.946904	-55.725892
-29.60	-57.714188	-56.037794	-55.256339
-29.50	-57.527695	-56.369937	-54.590081
-29.40	-57.333809	-56.614755	-54.695484
-29.30	-56.897228	-56.838726	-54.777959
-29.20	-56.867106	-57.000146	-54.979667
-29.10	-56.798771	-57.022341	-55.737036
-29.00	-56.819797	-56.873424	-56.399871
-28.90	-56.973252	-56.536160	-57.257398
-28.80	-57.128814	-55.766951	-57.778632
-28.70	-57.319754	-54.636366	-58.042838
-28.60	-57.357756	-53.531155	-58.029754
-28.50	-57.216132	-53.336444	-57.798213
-28.40	-56.874701	-53.804221	-57.312851
-28.30	-56.772694	-54.612179	-57.109733
-28.20	-56.598937	-55.173566	-56.862567
-28.10	-56.719482	-55.907708	-56.840629
-28.00	-56.686660	-56.491782	-56.599665
-27.90	-56.340360	-57.375394	-56.553518
-27.80	-56.171009	-57.871154	-56.346792
-27.70	-55.840129	-58.052474	-56.275102
-27.60	-55.755238	-57.967853	-55.769695
-27.50	-55.851710	-57.591326	-55.439307
-27.40	-55.948205	-57.325538	-54.920906
-27.30	-56.068688	-56.952820	-54.974047
-27.20	-55.977808	-56.553100	-55.333638
-27.10	-55.557936	-55.662375	-55.656198
-27.00	-55.235059	-54.908163	-56.017433
-26.90	-54.620554	-54.175919	-56.200206
-26.80	-54.595291	-54.198544	-55.969266
-26.70	-54.700742	-54.596034	-55.629293
-26.60	-55.158605	-55.208097	-55.309893
-26.50	-55.538029	-56.428427	-55.490994
-26.40	-55.381766	-57.469280	-56.129936
-26.30	-55.329804	-58.484521	-56.979507
-26.20	-55.063695	-59.117018	-57.494770
-26.10	-55.259414	-59.430040	-57.623393
-26.00	-55.482828	-59.539443	-57.263260
-25.90	-55.880820	-59.585207	-57.074071
-25.80	-56.068456	-59.580954	-56.688904
-25.70	-56.020380	-59.480457	-56.842987
-25.60	-55.679342	-59.332287	-56.987409
-25.50	-55.318382	-59.185708	-57.266253
-25.40	-55.299386	-59.042454	-57.266428
-25.30	-55.467108	-58.898112	-56.854217
-25.20	-55.970107	-58.754346	-56.458289
-25.10	-56.239507	-58.600800	-56.242017
-25.00	-56.283199	-58.380103	-56.160223
-24.90	-56.038574	-58.017812	-55.918704
-24.80	-55.276470	-57.604403	-55.594704
-24.70	-54.692043	-57.423888	-55.564478
-24.60	-54.197853	-57.347773	-55.803244
-24.50	-54.320503	-57.328310	-56.341970
-24.40	-54.795358	-57.110071	-56.800265
-24.30	-55.214423	-56.887661	-57.022493
-24.20	-55.806895	-56.428212	-56.796769
-24.10	-56.263918	-56.294530	-56.838653
-24.00	-56.725707	-56.299811	-56.782214
-23.90	-56.914315	-56.511792	-57.135425
-23.80	-57.087220	-56.783168	-57.180600
-23.70	-57.167856	-56.663245	-57.118850
-23.60	-57.398229	-56.538932	-56.942105
-23.50	-57.573484	-56.514053	-56.742649
-23.40	-57.629167	-56.777128	-56.879385
-23.30	-57.524542	-57.199860	-56.823341
-23.20	-57.193068	-57.394286	-56.898947
-23.10	-57.119508	-57.332400	-56.614517
-23.00	-57.044610	-56.940756	-56.298322
-22.90	-57.212317	-56.639797	-55.911387
-22.80	-57.304855	-56.077783	-55.758311
-22.70	-57.272657	-55.960325	-55.425989
-22.60	-57.110757	-55.790120	-55.180394
-22.50	-56.762488	-55.931808	-54.568343
-22.40	-56.411499	-56.078539	-54.500419
-22.30	-56.168900	-55.904680	-54.562443
-22.20	-55.933531	-55.513011	-55.012052
-22.10	-55.487898	-55.195381	-55.824414
-22.00	-55.450609	-54.847604	-56.531421
-21.90	-55.409784	-55.187071	-57.370445
-21.80	-55.785792	-55.363904	-57.828907
-21.70	-55.833574	-55.480656	-58.025972
-21.60	-55.922370	-55.404762	-57.927910
-21.50	-55.650806	-55.390975	-57.566993
-21.40	-55.600485	-55.820014	-57.016633
-21.30	-55.796520	-56.590828	-56.740970
-21.20	-56.129529	-57.367910	-56.606165
-21.10	-56.624729	-57.646332	-57.111334
-21.00	-56.849984	-57.845756	-57.522244
-20.90	-56.834421	-57.828484	-57.758995
-20.80	-56.599746	-57.982247	-57.982006
-20.70	-55.973527	-57.748193	-58.093866
-20.60	-55.641217	-57.281692	-58.341054
-20.50	-55.382686	-56.694197	-58.504812
-20.40	-55.401493	-56.141142	-58.486186
-20.30	-55.622476	-56.135882	-58.232143
-20.20	-55.637468	-56.495452	-58.123217
-20.10	-55.640390	-57.118136	-58.015448
-20.00	-55.634825	-57.394526	-58.144166
-19.90	-55.471832	-57.654223	-58.215886
-19.80	-55.552399	-57.718943	-58.211908
-19.70	-55.282530	-57.965523	-58.124800
-19.60	-55.198551	-58.001052	-57.865097
-19.50	-54.367504	-57.767620	-57.575695
-19.40	-54.415137	-56.957926	-57.500824
-19.30	-54.503833	-56.489993	-57.540774
-19.20	-55.153184	-56.349121	-57.789366
-19.10	-55.813633	-56.800365	-57.913248
-19.00	-56.232531	-57.483954	-57.826946
-18.90	-56.483396	-57.889790	-57.423396
-18.80	-56.308783	-57.974421	-57.216096
-18.70	-55.990181	-57.783485	-56.996406
-18.60	-55.571219	-57.536736	-57.010379
-18.50	-55.757700	-57.433349	-56.821985
-18.40	-55.973487	-57.463617	-56.523675
-18.30	-56.338650	-57.561763	-56.149994
-18.20	-56.237361	-57.595119	-56.139468
-18.10	-56.147826	-57.510633	-56.176626
-18.00	-55.902832	-57.308169	-56.277543
-17.90	-56.290923	-56.979780	-56.475373
-17.80	-56.560202	-56.333088	-56.422863
-17.70	-56.664630	-55.935867	-56.260064
-17.60	-56.200244	-55.201992	-56.036139
-17.50	-56.275399	-54.389876	-55.770067
-17.40	-56.262610	-54.065537	-56.041959
-17.30	-56.940401	-54.188014	-56.488372
-17.20	-57.440386	-54.691895	-57.129690
-17.10	-57.812671	-55.039976	-57.487857
-17.00	-58.074895	-55.198874	-57.590559
-16.90	-58.242161	-55.323261	-57.275069
-16.80	-58.098635	-55.621552	-57.138645
-16.70	-57.823629	-56.323294	-56.984858
-16.60	-57.453207	-56.876434	-56.939090
-16.50	-57.191985	-57.209843	-56.671720
-16.40	-57.057828	-57.040862	-56.361843
-16.30	-57.061451	-57.271018	-56.292964
-16.20	-57.217881	-57.296154	-56.415347
-16.10	-57.607592	-57.759265	-56.760909
-16.00	-58.006899	-57.969999	-56.965039
-15.90	-58.303512	-58.203639	-56.931880
-15.80	-58.316752	-58.244432	-56.581771
-15.70	-58.010742	-58.255291	-56.282985
-15.60	-57.906955	-58.304980	-55.994264
-15.50	-57.739072	-58.426806	-55.674168
-15.40	-57.762808	-58.642954	-55.623146
-15.30	-57.625386	-58.907790	-55.482564
-15.20	-57.654863	-59.041642	-55.356022
-15.10	-57.598267	-58.985290	-54.727206
-15.00	-57.792312	-58.851655	-54.379995
-14.90	-57.852810	-58.641547	-54.012980
-14.80	-57.814361	-58.353553	-53.829908
-14.70	-57.544289	-57.909461	-54.184998
-14.60	-57.412054	-57.556629	-54.624845
-14.50	-57.279322	-57.317226	-55.367101
-14.40	-57.402903	-57.222818	-56.107075
-14.30	-57.532219	-57.071852	-56.148575
-14.20	-57.565135	-56.478424	-55.981975
-14.10	-57.514950	-55.912671	-55.760001
-14.00	-57.354682	-55.713421	-55.497475
-13.90	-57.090737	-55.681080	-55.886872
-13.80	-56.769354	-56.238394	-56.274576
-13.70	-56.686911	-56.436184	-56.864418
-13.60	-56.649371	-56.923722	-57.077644
-13.50	-56.883089	-57.269217	-57.315464
-13.40	-56.979685	-57.679643	-57.200278
-13.30	-56.925235	-57.829588	-57.345632
-13.20	-56.567034	-57.656551	-57.512187
-13.10	-56.473586	-57.249268	-57.740946
-13.00	-56.326109	-56.850310	-57.987510
-12.90	-56.399755	-56.357052	-58.131667
-12.80	-56.209198	-56.485731	-58.148048
-12.70	-55.803519	-56.746339	-58.074623
-12.60	-55.137184	-57.220444	-57.923908
-12.50	-55.132872	-57.407597	-57.640543
-12.40	-55.179856	-57.363219	-57.288696
-12.30	-55.725122	-57.401235	-57.020531
-12.20	-56.188550	-57.459191	-56.783800
-12.10	-56.493509	-57.676853	-56.947004
-12.00	-56.534456	-57.782358	-57.070387
-11.90	-56.681199	-57.734541	-57.402765
-11.80	-56.740770	-57.538815	-57.500171
-11.70	-56.982477	-57.221346	-57.496529
-11.60	-57.061783	-56.685506	-57.370067
-11.50	-56.840748	-56.295717	-57.118578
-11.40	-56.661081	-55.794542	-56.693646
-11.30	-56.277071	-55.779927	-56.526044
-11.20	-56.403350	-55.536146	-56.367276
-11.10	-56.400193	-55.550308	-56.504469
-11.00	-56.426138	-55.284182	-56.520622
-10.90	-56.396872	-55.587874	-56.321643
-10.80	-56.334207	-55.876990	-55.952136
-10.70	-56.565294	-56.042216	-55.796673
-10.60	-56.913130	-56.222637	-55.566105
-10.50	-57.205832	-55.837723	-55.429344
-10.40	-57.310908	-56.162156	-54.987049
-10.30	-57.248876	-56.369534	-54.751061
-10.20	-56.937583	-56.978964	-54.300655
-10.10	-56.684895	-57.310970	-54.313095
-10.00	-56.469784	-57.398216	-54.470216
-9.90	-56.213567	-57.426862	-54.643128
-9.80	-55.971218	-57.370331	-54.892211
-9.70	-55.732131	-57.683251	-54.961669
-9.60	-55.651777	-57.849378	-54.774965
-9.50	-56.026723	-58.220251	-54.773667
-9.40	-56.333908	-58.443622	-54.332765
-9.30	-56.769278	-58.544162	-54.402411
-9.20	-56.924621	-58.496123	-54.690475
-9.10	-56.709671	-58.413859	-55.069846
-9.00	-56.690584	-58.319948	-55.976122
-8.90	-56.569871	-58.186307	-56.558742
-8.80	-56.574346	-58.014623	-57.076718
-8.70	-56.580157	-57.842539	-57.236451
-8.60	-56.597541	-57.648739	-56.817126
-8.50	-56.638704	-57.273160	-56.398747
-8.40	-56.551191	-57.121777	-56.346737
-8.30	-56.319300	-56.975739	-56.662205
-8.20	-56.034245	-57.099246	-57.299028
-8.10	-56.136846	-57.216981	-57.514328
-8.00	-56.278358	-57.245626	-57.595554
-7.90	-56.542361	-57.064625	-57.487904
-7.80	-56.521405	-56.947893	-57.578350
-7.70	-56.230228	-56.949418	-57.805336
-7.60	-55.897724	-57.099975	-58.084745
-7.50	-55.670250	-57.309852	-58.354432
-7.40	-55.824283	-57.458975	-58.473508
-7.30	-56.228507	-57.525383	-58.387668
-7.20	-56.579833	-57.503972	-58.146283
-7.10	-56.833431	-57.443908	-57.786028
-7.00	-57.071180	-57.328296	-57.325063
-6.90	-57.273031	-57.167116	-56.984516
-6.80	-57.551625	-56.828808	-56.630565
-6.70	-57.685020	-56.620502	-56.667228
-6.60	-57.628163	-56.397560	-56.479196
-6.50	-57.292593	-56.227816	-56.797391
-6.40	-57.223746	-56.051518	-56.957896
-6.30	-57.112772	-55.887352	-57.277331
-6.20	-57.182755	-56.030918	-57.489390
-6.10	-57.017023	-56.169908	-57.555054
-6.00	-56.898704	-56.003584	-57.442800
-5.90	-56.569417	-55.926727	-57.112451
-5.80	-56.728514	-55.865854	-56.672820
-5.70	-56.526712	-55.970473	-56.088956
-5.60	-56.836622	-56.122912	-55.904666
-5.50	-56.895338	-56.204585	-56.026480
-5.40	-57.028879	-55.988348	-56.375982
-5.30	-56.870159	-55.983465	-56.824835
-5.20	-56.256861	-56.150328	-56.956081
-5.10	-55.945196	-56.532279	-56.696985
-5.00	-55.844821	-57.068359	-56.589643
-4.90	-56.352048	-57.389554	-56.373388
-4.80	-56.883391	-57.509101	-56.370631
-4.70	-56.896571	-57.481943	-56.145747
-4.60	-56.745000	-57.343212	-55.379375
-4.50	-56.738750	-56.996430	-54.826368
-4.40	-56.890866	-56.413291	-54.261482
-4.30	-57.116112	-56.210580	-54.146274
-4.20	-57.459596	-56.070173	-54.508844
-4.10	-57.650132	-56.370694	-55.014177
-4.00	-57.950208	-56.554291	-55.761693
-3.90	-58.141621	-56.288937	-56.178065
-3.80	-58.094025	-55.738860	-56.643625
-3.70	-58.006427	-55.640582	-56.813251
-3.60	-57.960298	-55.896845	-57.066998
-3.50	-58.073623	-56.663621	-56.960569
-3.40	-58.254670	-57.308688	-56.372743
-3.30	-58.305358	-57.655271	-56.118939
-3.20	-58.298152	-57.774324	-55.724866
-3.10	-58.236083	-57.761053	-56.020671
-3.00	-58.107752	-57.674226	-56.240050
-2.90	-57.965380	-57.510128	-56.636270
-2.80	-57.817854	-57.230575	-56.848941
-2.70	-57.693806	-56.691942	-56.609970
-2.60	-57.542625	-55.820298	-55.818117
-2.50	-57.303652	-55.446384	-55.811298
-2.40	-56.927121	-55.322836	-56.004522
-2.30	-56.412292	-55.745108	-57.018092
-2.20	-55.946834	-55.903665	-57.688403
-2.10	-55.630173	-56.154725	-57.901089
-2.00	-55.216035	-56.299246	-58.043527
-1.90	-55.466640	-56.806107	-58.098278
-1.80	-55.396062	-57.140568	-58.293539
-1.70	-55.817300	-57.195457	-58.395710
-1.60	-56.044840	-56.863414	-58.332778
-1.50	-56.212658	-56.341224	-58.156411
-1.40	-56.394708	-56.129561	-57.842692
-1.30	-56.555792	-55.831982	-57.238501
-1.20	-56.853940	-56.081410	-56.624071
-1.10	-57.066000	-56.460339	-56.077012
-1.00	-57.186293	-56.932397	-55.874729
-0.90	-57.179052	-57.436676	-55.849807
-0.80	-57.182588	-57.687642	-56.191091
-0.70	-57.264113	-57.535532	-56.452041
-0.60	-57.415290	-57.500002	-56.814555
-0.50	-57.410506	-57.475939	-56.903236
-0.40	-57.149347	-57.643545	-56.475066
-0.30	-56.572451	-57.754427	-55.961837
-0.20	-56.173029	-57.562899	-55.528235
-0.10	-55.979010	-57.136352	-55.405473
0.00	-56.108136	-56.550550	-55.721916
0.10	-56.390348	-56.055994	-56.295977
0.20	-56.290011	-55.914824	-56.797396
0.30	-55.765670	-56.313865	-57.242829
0.40	-55.370041	-56.830338	-57.613488
0.50	-55.220291	-57.448492	-57.816467
0.60	-55.310143	-57.732126	-58.104341
0.70	-55.713342	-57.528680	-58.174220
0.80	-55.697244	-57.518696	-58.036962
0.90	-55.705294	-57.416532	-57.595075
1.00	-55.730711	-57.492109	-57.430345
1.10	-55.733340	-57.388070	-57.216127
1.20	-56.153452	-56.885682	-57.237950
1.30	-56.241630	-56.758604	-57.010917
1.40	-56.257706	-56.611056	-56.495826
1.50	-56.178100	-56.838540	-55.808814
1.60	-56.300491	-56.815834	-55.719140
1.70	-56.580789	-56.748676	-56.035893
1.80	-56.997966	-56.893863	-56.785456
1.90	-57.265894	-57.164550	-57.462628
2.00	-57.407881	-57.605643	-57.699039
2.10	-57.388260	-57.848395	-57.407567
2.20	-57.241143	-57.901399	-57.060499
2.30	-57.052766	-57.753776	-56.245382
2.40	-56.753119	-57.465683	-55.958635
2.50	-56.202267	-56.830711	-55.897033
2.60	-55.205192	-56.104903	-56.222383
2.70	-54.520261	-55.519983	-56.903869
2.80	-54.026711	-55.358753	-57.245001
2.90	-54.051334	-55.759676	-57.688647
3.00	-54.691613	-56.434859	-57.627656
3.10	-55.386839	-56.899287	-57.813366
3.20	-56.199457	-56.773746	-57.764312
3.30	-56.582409	-56.460968	-58.088419
3.40	-56.656045	-56.148354	-58.373894
3.50	-56.573885	-56.283914	-58.789462
3.60	-56.759477	-56.714712	-59.020065
3.70	-56.966574	-57.315621	-59.086177
3.80	-57.058255	-57.777870	-58.992641
3.90	-56.733003	-57.929146	-58.853565
4.00	-56.496799	-57.829170	-58.608532
4.10	-56.539195	-57.346120	-58.189512
4.20	-56.838724	-56.949781	-57.629569
4.30	-57.507194	-56.696696	-57.150833
4.40	-57.935484	-56.770994	-57.013473
4.50	-58.391980	-56.875816	-57.039604
4.60	-58.473982	-57.060835	-57.332996
4.70	-58.534362	-57.142712	-56.808950
4.80	-58.612699	-57.321497	-56.420192
4.90	-58.842413	-57.183407	-55.709118
5.00	-59.015552	-56.552479	-54.737808
5.10	-59.013005	-55.148442	-52.969996
5.20	-58.815170	-52.554038	-50.854557
5.30	-58.191846	-49.544051	-48.266097
5.40	-57.238029	-45.629023	-43.792265
5.50	-55.913059	-42.054283	-35.919350
5.60	-53.873724	-37.301493	-29.186152
5.70	-51.177974	-32.089500	-25.151855
5.80	-47.297611	-29.228742	-28.523746
5.90	-41.782343	-30.847763	-35.830994
6.00	-34.249522	-35.708883	-45.275766
6.10	-29.157154	-42.403597	-53.225789
6.20	-26.812742	-48.729891	-58.328847
6.30	-28.590138	-53.831594	-60.808223
6.40	-34.504240	-57.146144	-61.743364
6.50	-41.322199	-59.267845	-62.228520
6.60	-48.534168	-60.539205	-62.392367
6.70	-54.089266	-61.223081	-62.334843
6.80	-57.664321	-61.542539	-62.222997
6.90	-59.243682	-61.717911	-62.088625
7.00	-59.784750	-61.808723	-61.853685
7.10	-59.933719	-61.881190	-61.519615
7.20	-59.846290	-61.911892	-61.141417
7.30	-59.780154	-61.856917	-60.793608
7.40	-59.810126	-61.755069	-60.269603
7.50	-59.828924	-61.480140	-59.682259
7.60	-59.819495	-61.151172	-58.827915
7.70	-59.896540	-60.863440	-57.873884
7.80	-59.991361	-60.285620	-56.875280
7.90	-60.106584	-59.487016	-55.682873
8.00	-60.123862	-58.684173	-54.483723
8.10	-60.071181	-57.896973	-53.429342
8.20	-59.967708	-57.039070	-52.128165
8.30	-59.837751	-56.179777	-51.000558
8.40	-59.611112	-55.131647	-50.467610
8.50	-59.149700	-53.964823	-49.974075
8.60	-58.607496	-52.200337	-48.928805
8.70	-57.895454	-50.366141	-48.088714
8.80	-57.159426	-48.506966	-47.384883
8.90	-56.183699	-47.285938	-47.002437
9.00	-55.069626	-46.508886	-46.626819
9.10	-53.711808	-45.782372	-46.737176
9.20	-52.372682	-44.953098	-46.049828
9.30	-50.767747	-44.856163	-46.406405
9.40	-49.304281	-44.263692	-46.877081
9.50	-47.490794	-44.793129	-47.436344
9.60	-45.623006	-45.615584	-48.318402
9.70	-45.222994	-46.648547	-49.071553
9.80	-45.295717	-48.104776	-49.847911
9.90	-45.881458	-49.077543	-50.889648
10.00	-46.043109	-49.060038	-51.826008
10.10	-46.023446	-49.702489	-52.044904
10.20	-45.644840	-49.880043	-52.094130
10.30	-46.077706	-50.725432	-51.513815
10.40	-46.697630	-51.518158	-51.350772
10.50	-47.468349	-52.117498	-50.916079
10.60	-48.922495	-52.786435	-51.105662
10.70	-49.954272	-53.408234	-51.597629
10.80	-51.468353	-53.589298	-52.290664
10.90	-52.402660	-53.689096	-52.677996
11.00	-52.758515	-53.352178	-52.054447
11.10	-53.019860	-53.076870	-50.751727
11.20	-53.218792	-52.587304	-49.884594
11.30	-53.102521	-52.203025	-49.294275
11.40	-52.620006	-51.872951	-49.475589
11.50	-51.666455	-51.725283	-49.687553
11.60	-51.235722	-51.458618	-49.246091
11.70	-50.655459	-50.951480	-49.217575
11.80	-50.791060	-49.959823	-49.201183
11.90	-50.874701	-49.044422	-49.774164
12.00	-51.048509	-47.484434	-49.609136
12.10	-51.051318	-47.000887	-48.864236
12.20	-50.631409	-46.724907	-48.443627
12.30	-50.509373	-47.512222	-48.336039
12.40	-49.842765	-48.193185	-48.572516
12.50	-49.109191	-48.727350	-48.427741
12.60	-48.098665	-48.562895	-47.394985
12.70	-47.372504	-48.109439	-46.870800
12.80	-46.209605	-48.309113	-46.341872
12.90	-46.165486	-48.400767	-47.062668
13.00	-45.994116	-48.623578	-47.396078
13.10	-46.023314	-48.431362	-48.012988
13.20	-46.620386	-47.616323	-48.459176
13.30	-47.167338	-47.535697	-49.442079
13.40	-48.722939	-47.831337	-50.427558
13.50	-50.521405	-48.317609	-51.643570
13.60	-51.952291	-49.104145	-52.146245
13.70	-52.916578	-49.878159	-51.808932
13.80	-53.122653	-50.731124	-51.056003
13.90	-53.203351	-51.209370	-49.983281
14.00	-53.093504	-51.898936	-49.036143
14.10	-52.547095	-52.236617	-48.403196
14.20	-52.210002	-52.478866	-47.415702
14.30	-51.759014	-52.649633	-47.104565
14.40	-50.963456	-52.507232	-46.781442
14.50	-49.890899	-52.300924	-46.981340
14.60	-49.384226	-51.476879	-48.004451
14.70	-48.789584	-50.950101	-49.324968
14.80	-48.959630	-50.239510	-50.996011
14.90	-49.101782	-49.813963	-52.322229
15.00	-49.199003	-49.548875	-52.916898
15.10	-49.325548	-49.840542	-52.656630
15.20	-49.384130	-50.147584	-52.112036
15.30	-49.579126	-50.059436	-51.028560
15.40	-50.294345	-49.400204	-50.251321
15.50	-50.669636	-48.129630	-49.562776
15.60	-50.902983	-47.195071	-48.815586
15.70	-50.116869	-46.022743	-47.959086
15.80	-49.430557	-45.689787	-47.259634
15.90	-48.987931	-45.188966	-46.297139
16.00	-49.408947	-44.869123	-46.554468
16.10	-50.216003	-44.787410	-47.209888
16.20	-50.686378	-45.293260	-48.087287
16.30	-51.404440	-46.544605	-48.947784
16.40	-51.259959	-47.948162	-49.112594
16.50	-51.541511	-49.414392	-49.345165
16.60	-50.926619	-50.144161	-49.768591
16.70	-49.993641	-49.886335	-50.537937
16.80	-49.724891	-49.348938	-50.993422
16.90	-49.669999	-48.985412	-51.444021
17.00	-49.669260	-49.370195	-51.723230
17.10	-49.625254	-50.100832	-51.671846
17.20	-48.400517	-51.486263	-51.445111
17.30	-48.033876	-52.237358	-51.439681
17.40	-46.835394	-53.385574	-51.365250
17.50	-46.862604	-53.700007	-51.091426
17.60	-47.002757	-53.801307	-51.197122
17.70	-47.750054	-53.824368	-51.121501
17.80	-48.923581	-53.513197	-51.050334
17.90	-49.651149	-52.991747	-50.801770
18.00	-50.472751	-52.310191	-49.812440
18.10	-50.645236	-51.649603	-49.042762
18.20	-50.635861	-51.351742	-47.771287
18.30	-50.745851	-50.936546	-47.204391
18.40	-50.996729	-50.741162	-46.556636
18.50	-50.934846	-49.899212	-46.625717
18.60	-51.765825	-49.577740	-47.050881
18.70	-51.982299	-49.114462	-47.459768
18.80	-52.530314	-48.387275	-47.435781
18.90	-52.567382	-47.840657	-47.401739
19.00	-52.378521	-47.407576	-48.214009
19.10	-51.943115	-47.212094	-49.230509
19.20	-51.277806	-48.163308	-50.547980
19.30	-50.169116	-48.681427	-51.019903
19.40	-49.717681	-48.892339	-50.418812
19.50	-49.368829	-48.671435	-48.886953
19.60	-49.245061	-48.308760	-48.174509
19.70	-49.272712	-48.479123	-48.168366
19.80	-48.960716	-49.130092	-48.909125
19.90	-49.156857	-50.041225	-50.282775
20.00	-48.960762	-51.356339	-50.917765
20.10	-48.600305	-52.685143	-51.487377
20.20	-48.116778	-53.370169	-51.717152
20.30	-48.538110	-53.095696	-51.366983
20.40	-49.562932	-52.570886	-50.758704
20.50	-50.571939	-51.780047	-50.736975
20.60	-50.886413	-51.186768	-50.921691
20.70	-50.450360	-50.680228	-51.323232
20.80	-49.935695	-50.008357	-51.172880
20.90	-49.179566	-49.852445	-50.900734
21.00	-49.062154	-49.723773	-50.228462
21.10	-48.815564	-49.530846	-49.614681
21.20	-49.000466	-48.673519	-48.987772
21.30	-48.940928	-47.973434	-48.370872
21.40	-48.985932	-46.990733	-48.248292
21.50	-49.040785	-47.043370	-48.170147
21.60	-49.351427	-46.694677	-48.711259
21.70	-50.368677	-47.323677	-49.464469
21.80	-51.364269	-47.884860	-50.304506
21.90	-52.277910	-48.348169	-51.366214
22.00	-52.562523	-48.770473	-51.966758
22.10	-52.214292	-48.396559	-52.071303
22.20	-50.866882	-48.603900	-52.281821
22.30	-49.931919	-48.682762	-52.413272
22.40	-48.952733	-48.997629	-52.738422
22.50	-48.441410	-49.068219	-52.686492
22.60	-47.974639	-49.320456	-51.953089
22.70	-47.479411	-49.469727	-50.844204
22.80	-47.288493	-50.259214	-49.465172
22.90	-48.453318	-51.181916	-48.495672
23.00	-49.770698	-51.818243	-48.144109
23.10	-51.647301	-52.289188	-47.587609
23.20	-52.794270	-52.485815	-47.524744
23.30	-53.355462	-52.273550	-47.674344
23.40	-52.950732	-52.215696	-48.553053
23.50	-52.389204	-51.844305	-49.644701
23.60	-51.898232	-51.031763	-50.502773
23.70	-51.825624	-50.074433	-50.833418
23.80	-51.857359	-49.521647	-50.857588
23.90	-52.047665	-49.393453	-50.739870
24.00	-51.560699	-49.748728	-50.052505
24.10	-50.817910	-50.362727	-49.548782
24.20	-50.249755	-50.728967	-49.187725
24.30	-50.365577	-50.821478	-48.808298
24.40	-50.594809	-50.349922	-49.026483
24.50	-50.261104	-49.725113	-49.230312
24.60	-49.881078	-49.355418	-50.006074
24.70	-49.503389	-48.690104	-50.862810
24.80	-49.811199	-48.566224	-51.455905
24.90	-50.454037	-48.402429	-51.358320
25.00	-51.018082	-48.358863	-50.975330
25.10	-51.484217	-48.277265	-50.470873
25.20	-51.526266	-49.122787	-50.122091
25.30	-51.025893	-49.602524	-50.472147
25.40	-49.970520	-50.454557	-50.649842
25.50	-48.563567	-51.563385	-50.966922
25.60	-48.023395	-51.714118	-50.946870
25.70	-47.642644	-52.290420	-50.622067
25.80	-48.582318	-51.837112	-49.991122
25.90	-48.970009	-51.253733	-49.479069
26.00	-48.614461	-50.541129	-48.984786
26.10	-49.022539	-49.841437	-48.695151
26.20	-49.055403	-49.977913	-48.904592
26.30	-49.793227	-49.940263	-49.321223
26.40	-50.278032	-50.357583	-49.756453
26.50	-50.709528	-49.816388	-50.133071
26.60	-51.334583	-48.993781	-50.370617
26.70	-51.674416	-49.117632	-50.098971
26.80	-52.291956	-49.247133	-49.172962
26.90	-52.930727	-50.375928	-47.659850
27.00	-53.308696	-51.028981	-46.928130
27.10	-53.554198	-51.552285	-46.809252
27.20	-53.007631	-51.678453	-47.295849
27.30	-52.364986	-51.420172	-48.558868
27.40	-51.296493	-50.872782	-49.577824
27.50	-50.811427	-50.609983	-50.691740
27.60	-50.105304	-50.249666	-51.282725
27.70	-50.114614	-49.573169	-51.615048
27.80	-50.376193	-49.275598	-51.658790
27.90	-50.614804	-48.752899	-52.066044
28.00	-51.093946	-48.874950	-52.188537
28.10	-50.927222	-49.717020	-52.416865
28.20	-50.253006	-50.284950	-52.178460
28.30	-49.424224	-50.685723	-52.245133
28.40	-49.416223	-50.566386	-51.693214
28.50	-49.546330	-50.170851	-51.136979
28.60	-50.461215	-50.314563	-49.943218
28.70	-51.114423	-49.892219	-49.313239
28.80	-51.284724	-49.561067	-48.220614
28.90	-51.167037	-48.928322	-48.217594
29.00	-50.991960	-48.558755	-47.945246
29.10	-51.074481	-48.176223	-48.028149
29.20	-50.715274	-48.803494	-47.299011
29.30	-50.648519	-49.477780	-47.583503
29.40	-49.654895	-50.778895	-48.089322
29.50	-48.940993	-51.309207	-49.362801
29.60	-48.361036	-51.234165	-50.538058
29.70	-48.191065	-50.249803	-50.978850
29.80	-48.229413	-49.946436	-50.316053
29.90	-48.442994	-49.712569	-49.475903
30.00	-49.020233	-49.747892	-48.525340
30.10	-49.466031	-50.080381	-47.782753
30.20	-49.813003	-50.630020	-48.438953
30.30	-49.787337	-51.253124	-49.436100
30.40	-50.030407	-51.782210	-51.058967
30.50	-50.706534	-51.444604	-52.385259
30.60	-51.451312	-51.062365	-52.933060
30.70	-51.874196	-50.202196	-52.487547
30.80	-51.429703	-49.685132	-51.747648
30.90	-50.996706	-49.189059	-50.905686
31.00	-50.638119	-48.740745	-50.539543
31.10	-50.610977	-48.685122	-50.437829
31.20	-50.204001	-49.205198	-50.366401
31.30	-50.128804	-49.417600	-50.428224
31.40	-49.426064	-49.153839	-50.653557
31.50	-48.804034	-49.010756	-50.458837
31.60	-48.830318	-48.444798	-50.337519
31.70	-48.906408	-49.007820	-49.632536
31.80	-49.373087	-49.608265	-48.966926
31.90	-49.924763	-50.246818	-48.356180
32.00	-49.900033	-50.780123	-48.505937
32.10	-49.718558	-51.162038	-48.741231
32.20	-48.728707	-51.545316	-49.684905
32.30	-48.939451	-52.051297	-50.109552
32.40	-48.887932	-52.347943	-50.420875
32.50	-49.891632	-52.708840	-50.983665
32.60	-50.807136	-52.516694	-51.387751
32.70	-51.199663	-52.580994	-51.973640
32.80	-51.409062	-52.181118	-52.250855
32.90	-51.600901	-51.584954	-52.341171
33.00	-51.811739	-50.533371	-52.260229
33.10	-52.007240	-49.352173	-52.025681
33.20	-52.149405	-49.108926	-51.266534
33.30	-52.001495	-49.392878	-50.674907
33.40	-51.529834	-49.667520	-49.739917
33.50	-51.628268	-49.391796	-49.193617
33.60	-51.300279	-48.713173	-48.749484
33.70	-50.853930	-48.455524	-48.481197
33.80	-49.915439	-48.792571	-49.275097
33.90	-49.599394	-48.915523	-49.574636
34.00	-49.670977	-49.639257	-50.721458
34.10	-50.258948	-49.993875	-51.076329
34.20	-50.498179	-50.690903	-51.370085
34.30	-50.434697	-51.043832	-51.419179
34.40	-50.736666	-50.775615	-51.151923
34.50	-51.179974	-50.232819	-50.643681
34.60	-51.539862	-49.784813	-49.532917
34.70	-51.810970	-49.039395	-48.392669
34.80	-51.765244	-48.649989	-47.641438
34.90	-51.408882	-48.619277	-47.444182
35.00	-51.335037	-49.314063	-47.630540
35.10	-50.657094	-50.667108	-47.439419
35.20	-50.268541	-51.520197	-47.396306
35.30	-49.593712	-51.831557	-47.927105
35.40	-49.616566	-51.074573	-49.294790
35.50	-49.624023	-50.026376	-50.625028
35.60	-50.271106	-48.749645	-51.919787
35.70	-50.458883	-48.251653	-52.631890
35.80	-50.583113	-48.752184	-53.283999
35.90	-50.702231	-49.573560	-53.585716
36.00	-50.220817	-51.111726	-53.694771
36.10	-49.931466	-51.679482	-53.231352
36.20	-49.802042	-51.722940	-52.892620
36.30	-49.653076	-50.836083	-52.035118
36.40	-48.953685	-49.968485	-51.747030
36.50	-48.174163	-49.487733	-51.736704
36.60	-47.790879	-49.345989	-52.132553
36.70	-47.954667	-49.356384	-52.521674
36.80	-48.798917	-49.573677	-52.436978
36.90	-48.699328	-49.408249	-51.931744
37.00	-49.105249	-49.697334	-51.189897
37.10	-48.759316	-49.858581	-50.665378
37.20	-49.500277	-50.118829	-50.245118
37.30	-49.904429	-50.130660	-50.755719
37.40	-51.306929	-49.972137	-51.412658
37.50	-52.518192	-49.465200	-52.192022
37.60	-53.766818	-49.468575	-52.706735
37.70	-54.815143	-49.618361	-52.526969
37.80	-55.133419	-50.442450	-51.809969
37.90	-55.110242	-51.000549	-51.038400
38.00	-54.663374	-51.323879	-50.154614
38.10	-53.756508	-50.988406	-49.730743
38.20	-53.025748	-50.158775	-49.003198
38.30	-52.335411	-48.941065	-48.697668
38.40	-51.491085	-47.942948	-48.453263
38.50	-50.978336	-47.873456	-48.426825
38.60	-50.034749	-48.164369	-48.639028
38.70	-49.478381	-49.196510	-48.261468
38.80	-49.647048	-50.230614	-48.396858
38.90	-49.967150	-51.392449	-48.825434
39.00	-50.486425	-52.047540	-49.220975
39.10	-50.317128	-52.371692	-49.190263
39.20	-50.062848	-51.604180	-49.356763
39.30	-49.798802	-50.839579	-49.215533
39.40	-49.624261	-49.687912	-49.776993
39.50	-49.500794	-49.270403	-50.540421
39.60	-49.801518	-49.170990	-51.258673
39.70	-49.398327	-48.958019	-51.845531
39.80	-49.185385	-48.626980	-52.107723
39.90	-49.219004	-47.959096	-52.519366
40.00	-49.387429	-47.377606	-52.558405
40.10	-50.296739	-46.711837	-52.518623
40.20	-51.391934	-46.718457	-52.395339
40.30	-51.671950	-47.544322	-51.881590
40.40	-51.172320	-48.518222	-51.958801
40.50	-50.295051	-50.068084	-52.208713
40.60	-49.587351	-51.012953	-52.479078
40.70	-49.519518	-51.784695	-52.893806
40.80	-50.418633	-52.008698	-53.250688
40.90	-50.697125	-52.180908	-53.416550
41.00	-51.158194	-51.906786	-52.781335
41.10	-50.776261	-51.705920	-51.620342
41.20	-50.563033	-51.570910	-50.556352
41.30	-50.416157	-51.447673	-50.039111
41.40	-50.527838	-51.484519	-50.487572
41.50	-50.829040	-51.284081	-51.046851
41.60	-50.565955	-50.605628	-51.955375
41.70	-50.335886	-50.299802	-52.146633
41.80	-49.967444	-49.682859	-51.833364
41.90	-49.773194	-49.573710	-51.668161
42.00	-49.674077	-49.470832	-50.882579
42.10	-49.672368	-49.640957	-50.201468
42.20	-50.258418	-49.760134	-49.422271
42.30	-50.691301	-50.153107	-48.976837
42.40	-51.627217	-50.154974	-48.819421
42.50	-51.735437	-50.707230	-48.979100
42.60	-52.155641	-51.083404	-48.551126
42.70	-52.056861	-51.987031	-48.559811
42.80	-51.554781	-52.570957	-48.005095
42.90	-51.172963	-52.657370	-48.032908
43.00	-50.759972	-52.352842	-48.058302
43.10	-51.003119	-50.940672	-48.132416
43.20	-51.338734	-49.746987	-48.709289
43.30	-51.973711	-49.184686	-49.505076
43.40	-52.269081	-49.870252	-50.061278
43.50	-51.954687	-50.985553	-50.661564
43.60	-51.192499	-51.855163	-51.327432
43.70	-50.606616	-52.307587	-51.870604
43.80	-50.095309	-52.560393	-52.758243
43.90	-50.159796	-52.690463	-53.078493
44.00	-50.340223	-52.591343	-52.745609
44.10	-49.554714	-52.370279	-52.388783
44.20	-49.329832	-52.062842	-52.030259
44.30	-48.902362	-51.915312	-51.826816
44.40	-49.177650	-51.386682	-51.918088
44.50	-49.702222	-50.407807	-51.788219
44.60	-50.503847	-49.634306	-51.800790
44.70	-50.743947	-49.472623	-51.942308
44.80	-50.090600	-50.279569	-52.257333
44.90	-50.030239	-51.325111	-52.258005
45.00	-49.231417	-52.239226	-52.377390
45.10	-48.709758	-52.690626	-52.090058
45.20	-48.023940	-52.745985	-51.579047
45.30	-47.570606	-52.846389	-50.527195
45.40	-47.953557	-52.480959	-49.852104
45.50	-48.973322	-51.733441	-48.841729
45.60	-49.568181	-50.654902	-48.388397
45.70	-49.865685	-48.929434	-47.499430
45.80	-49.988246	-47.195854	-47.069443
45.90	-50.276708	-46.112862	-46.557505
46.00	-50.763945	-46.455096	-46.639450
46.10	-51.155135	-47.293773	-47.302135
46.20	-51.089996	-48.585344	-48.231632
46.30	-51.412408	-48.855439	-48.993412
46.40	-51.522091	-48.787327	-49.616750
46.50	-51.880962	-48.178505	-50.182658
46.60	-52.121702	-47.867879	-49.978618
46.70	-52.147625	-47.718037	-49.849694
46.80	-51.655822	-47.375826	-48.836672
46.90	-51.248697	-46.562166	-48.232756
47.00	-51.229567	-46.995098	-48.210749
47.10	-51.344896	-47.850599	-48.914141
47.20	-51.751156	-49.821759	-50.248813
47.30	-51.254153	-51.300770	-51.715051
47.40	-50.856569	-52.595206	-52.815102
47.50	-50.313857	-53.081639	-53.260831
47.60	-50.058234	-53.553998	-53.489580
47.70	-50.013793	-53.643378	-53.339809
47.80	-49.636261	-53.829836	-52.694623
47.90	-49.293918	-53.413721	-52.357997
48.00	-49.293298	-52.867032	-51.775478
48.10	-49.528688	-52.236942	-51.677457
48.20	-50.093375	-50.974471	-51.366426
48.30	-50.003343	-50.428238	-51.092840
48.40	-50.156438	-49.612079	-50.790536
48.50	-49.644621	-49.732187	-50.683433
48.60	-49.539593	-50.029874	-50.243935
48.70	-49.663588	-50.096258	-49.774100
48.80	-50.081512	-49.664041	-49.466532
48.90	-50.765492	-49.218964	-49.268721
49.00	-50.849179	-47.945210	-49.533936
49.10	-51.465081	-47.754109	-49.367495
49.20	-51.093073	-47.713362	-49.411935
49.30	-51.736766	-48.260226	-49.257031
49.40	-52.138696	-48.861472	-48.718653
49.50	-52.969566	-48.620595	-49.068104
49.60	-53.693769	-49.003542	-49.436865
49.70	-53.769451	-49.669626	-50.411389
49.80	-53.139503	-50.558341	-51.551931
49.90	-52.471496	-51.541055	-52.159841
50.00	-51.877660	-51.779409	-52.175331
50.10	-51.678223	-51.956678	-51.883343
50.20	-51.300209	-52.133450	-51.339730
50.30	-50.827256	-52.202766	-51.256370
50.40	-49.980148	-52.002164	-51.563284
50.50	-49.067290	-52.316001	-52.087943
50.60	-48.965098	-52.371867	-52.129113
50.70	-48.881415	-52.934460	-51.841315
50.80	-49.101077	-53.129465	-51.604293
50.90	-49.489926	-53.320964	-50.936337
51.00	-49.191366	-52.822699	-51.194674
51.10	-49.371968	-52.471640	-50.614200
51.20	-49.156877	-51.915438	-51.104300
51.30	-49.641710	-51.444093	-51.254643
51.40	-50.452038	-51.131187	-51.273233
51.50	-51.543443	-50.821210	-50.727911
51.60	-52.501723	-50.607443	-50.549320
51.70	-53.251874	-50.469647	-50.411136
51.80	-53.492825	-50.433821	-51.180839
51.90	-53.281022	-50.061836	-51.363204
52.00	-52.864974	-49.616086	-51.878276
52.10	-52.282075	-48.296106	-51.384827
52.20	-51.982140	-48.168922	-51.393609
52.30	-51.551265	-47.952034	-51.341552
52.40	-51.700260	-48.540423	-51.156607
52.50	-51.676659	-48.881207	-51.007817
52.60	-51.661835	-48.432829	-50.946664
52.70	-51.484938	-48.296039	-51.171577
52.80	-51.074395	-48.447490	-51.213253
52.90	-50.860685	-48.908246	-51.138395
53.00	-50.747699	-50.307100	-50.457002
53.10	-50.287197	-51.136645	-49.479877
53.20	-49.852546	-51.889967	-48.910235
53.30	-49.615324	-52.179460	-48.229032
53.40	-49.512077	-52.061222	-47.959757
53.50	-49.877642	-51.905038	-47.651649
53.60	-49.600039	-52.037145	-47.667446
53.70	-49.584348	-51.793001	-48.356558
53.80	-49.432727	-51.822796	-49.707952
53.90	-49.938932	-51.681123	-50.702383
54.00	-50.075546	-52.130298	-51.419247
54.10	-50.503868	-52.810919	-51.469692
54.20	-50.122209	-53.444228	-51.289169
54.30	-50.382116	-53.593910	-50.702509
54.40	-50.802590	-53.072394	-49.695039
54.50	-51.240831	-52.019549	-49.066247
54.60	-51.606682	-50.563473	-48.451850
54.70	-51.723381	-49.400946	-48.427305
54.80	-51.678085	-49.611015	-48.902259
54.90	-51.643235	-49.783417	-49.294150
55.00	-51.581434	-50.704815	-49.682642
55.10	-51.711252	-50.956564	-50.303415
55.20	-52.297926	-51.136100	-50.952039
55.30	-52.830748	-51.086117	-51.868375
55.40	-53.422963	-51.045144	-52.375268
55.50	-53.387452	-50.131276	-52.464953
55.60	-53.267742	-48.798499	-52.387439
55.70	-52.880051	-47.631634	-52.171227
55.80	-53.193842	-46.672051	-52.029004
55.90	-53.351302	-47.030789	-51.967889
56.00	-53.714799	-47.942429	-51.694723
56.10	-53.403383	-48.713767	-51.246751
56.20	-52.887115	-50.289054	-51.299632
56.30	-51.694993	-51.022122	-51.512976
56.40	-50.946949	-51.502790	-51.841515
56.50	-50.195602	-51.248810	-52.811843
56.60	-49.635405	-50.838793	-53.509447
56.70	-49.881024	-50.879059	-54.268973
56.80	-50.559265	-51.755172	-54.501568
56.90	-52.299895	-53.425935	-54.415867
57.00	-54.220156	-55.063117	-54.060973
57.10	-56.099871	-56.217246	-53.597976
57.20	-57.256243	-56.574493	-53.516107
57.30	-57.757955	-56.734183	-53.255199
57.40	-57.903466	-56.805013	-52.865788
57.50	-57.840932	-57.194197	-52.613834
57.60	-58.201036	-57.652241	-52.279223
57.70	-58.865932	-58.188590	-52.206769
57.80	-59.823322	-58.560133	-52.779467
57.90	-60.877436	-58.797160	-53.259883
58.00	-61.618869	-58.878263	-53.916040
58.10	-62.112272	-58.779470	-54.424474
58.20	-62.418645	-58.850737	-55.092016
58.30	-62.573669	-59.118466	-55.853503
58.40	-62.530002	-59.756752	-56.934505
58.50	-62.631356	-60.512005	-57.781441
58.60	-62.758736	-61.103234	-58.653556
58.70	-63.085216	-61.561814	-59.269509
58.80	-63.407280	-61.920424	-59.842232
58.90	-63.645142	-62.210077	-60.461811
59.00	-63.810184	-62.452375	-60.931997
59.10	-63.921260	-62.659929	-61.602148
59.20	-63.997430	-62.840043	-62.109848
59.30	-64.050610	-62.997244	-62.502770
59.40	-64.087650	-63.134633	-62.801685
59.50	-64.112645	-63.254536	-63.035843
59.60	-64.128213	-63.358833	-63.226292
59.70	-64.136137	-63.449103	-63.385102
59.80	-64.137703	-63.526747	-63.519355
59.90	-64.133887	-63.592991	-63.633535
60.00	-64.125454	-63.648933	-63.730752
60.10	-64.113024	-63.695577	-63.813345
60.20	-64.097110	-63.733817	-63.883147
60.30	-64.078143	-63.764466	-63.941644
60.40	-64.056497	-63.788253	-63.990108
60.50	-64.032491	-63.805842	-64.029627
60.60	-64.006405	-63.817838	-64.061149
60.70	-63.978488	-63.824782	-64.085501
60.80	-63.948957	-63.827169	-64.103422
60.90	-63.918010	-63.825444	-64.115569
61.00	-63.885820	-63.820010	-64.122521
61.10	-63.852547	-63.811235	-64.124805
61.20	-63.818332	-63.799454	-64.122893
61.30	-63.783302	-63.784973	-64.117205
61.40	-63.747573	-63.768060	-64.108121
61.50	-63.711252	-63.748967	-64.095985
61.60	-63.674435	-63.727922	-64.081110
61.70	-63.637212	-63.705132	-64.063776
61.80	-63.599664	-63.680787	-64.044236
61.90	-63.561864	-63.655060	-64.022722
62.00	-63.523879	-63.628108	-63.999443
62.10	-63.485772	-63.600237	-63.974592
62.20	-63.447596	-63.571524	-63.948341
62.30	-63.409403	-63.542051	-63.920850
62.40	-63.371239	-63.511900	-63.892264
62.50	-63.333146	-63.481151	-63.862715
62.60	-63.295164	-63.449880	-63.832321
62.70	-63.257328	-63.418161	-63.801193
62.80	-63.219670	-63.386063	-63.769430
62.90	-63.182221	-63.353651	-63.737125
63.00	-63.145008	-63.320985	-63.704363
63.10	-63.108055	-63.288122	-63.671221
63.20	-63.071385	-63.255114	-63.637769
63.30	-63.035017	-63.222012	-63.604072
63.40	-62.998970	-63.188862	-63.570188
63.50	-62.963260	-63.155706	-63.536173
63.60	-62.927900	-63.122582	-63.502074
63.70	-62.892906	-63.089529	-63.467938
63.80	-62.858289	-63.056578	-63.433808
63.90	-62.824055	-63.023761	-63.399719
64.00	-62.790214	-62.991105	-63.365706
64.10	-62.756773	-62.958634	-63.331797
64.20	-62.723739	-62.926373	-63.298022
64.30	-62.691121	-62.894342	-63.264407
64.40	-62.658925	-62.862560	-63.230976
64.50	-62.627156	-62.831043	-63.197749
64.60	-62.595816	-62.799809	-63.164747
64.70	-62.564907	-62.768871	-63.131987
64.80	-62.534432	-62.738241	-63.099485
64.90	-62.504391	-62.707930	-63.067254
65.00	-62.474786	-62.677944	-63.035307
65.10	-62.445619	-62.648291	-63.003657
65.20	-62.416887	-62.618979	-62.972313
65.30	-62.388592	-62.590016	-62.941286
65.40	-62.360733	-62.561408	-62.910585
65.50	-62.333308	-62.533161	-62.880217
65.60	-62.306315	-62.505279	-62.850190
65.70	-62.279752	-62.477766	-62.820510
65.80	-62.253616	-62.450848	-62.791183
65.90	-62.227904	-62.424457	-62.762209
66.00	-62.202612	-62.398539	-62.733593
66.10	-62.177738	-62.373057	-62.705334
66.20	-62.153275	-62.347978	-62.677436
66.30	-62.129220	-62.323282	-62.649897
66.40	-62.105566	-62.298951	-62.622720
66.50	-62.082312	-62.274972	-62.595902
66.60	-62.059452	-62.251336	-62.569443
66.70	-62.036983	-62.228035	-62.543343
66.80	-62.014900	-62.205063	-62.517601
66.90	-61.993197	-62.182417	-62.492216
67.00	-61.971870	-62.160093	-62.467185
67.10	-61.950914	-62.138089	-62.442506
67.20	-61.930323	-62.116402	-62.418177
67.30	-61.910093	-62.095029	-62.394195
67.40	-61.890218	-62.073969	-62.370558
67.50	-61.870695	-62.053901	-62.347264
67.60	-61.851518	-62.034610	-62.324309
67.70	-61.832681	-62.015928	-62.301691
67.80	-61.814180	-61.997730	-62.279407
67.90	-61.796009	-61.979920	-62.257454
68.00	-61.778163	-61.962426	-62.235828
68.10	-61.760638	-61.945196	-62.214527
68.20	-61.743427	-61.928191	-62.193546
68.30	-61.726524	-61.911388	-62.172880
68.40	-61.709923	-61.894768	-62.152526
68.50	-61.693620	-61.878320	-62.132480
68.60	-61.677610	-61.862039	-62.112738
68.70	-61.661888	-61.845918	-62.093296
68.80	-61.646448	-61.829959	-62.074152
68.90	-61.631286	-61.814161	-62.055301
69.00	-61.616397	-61.798524	-62.036738
69.10	-61.601776	-61.783051	-62.018461
69.20	-61.587418	-61.767744	-62.000464
69.30	-61.573320	-61.752606	-61.982742
69.40	-61.559475	-61.737639	-61.965294
69.50	-61.545880	-61.722845	-61.948114
69.60	-61.532530	-61.708227	-61.931198
69.70	-61.519419	-61.693787	-61.914542
69.80	-61.506543	-61.679524	-61.898142
69.90	-61.493897	-61.665441	-61.881993
70.00	-61.481474	-61.651539	-61.866092
70.10	-61.469272	-61.637818	-61.850434
70.20	-61.457286	-61.624280	-61.835015
70.30	-61.445511	-61.610925	-61.819828
70.40	-61.433943	-61.597753	-61.804869
70.50	-61.422578	-61.584764	-61.790134
70.60	-61.411411	-61.571957	-61.775618
70.70	-61.400437	-61.559332	-61.761320
70.80	-61.389654	-61.546888	-61.747234
70.90	-61.379056	-61.534623	-61.733359
71.00	-61.368641	-61.522537	-61.719690
71.10	-61.358404	-61.510628	-61.706224
71.20	-61.348342	-61.498894	-61.692959
71.30	-61.338451	-61.487334	-61.679889
71.40	-61.328729	-61.475947	-61.667013
71.50	-61.319171	-61.464729	-61.654326
71.60	-61.309775	-61.453679	-61.641826
71.70	-61.300538	-61.442794	-61.629509
71.80	-61.291456	-61.432073	-61.617372
71.90	-61.282526	-61.421513	-61.605411
72.00	-61.273745	-61.411112	-61.593624
72.10	-61.265109	-61.400868	-61.582007
72.20	-61.256617	-61.390780	-61.570558
72.30	-61.248265	-61.380844	-61.559273
72.40	-61.240050	-61.371059	-61.548150
72.50	-61.231969	-61.361421	-61.537185
72.60	-61.224018	-61.351929	-61.526376
72.70	-61.216197	-61.342580	-61.515720
72.80	-61.208501	-61.333373	-61.505214
72.90	-61.200929	-61.324543	-61.494855
73.00	-61.193478	-61.316015	-61.484642
73.10	-61.186145	-61.307732	-61.474571
73.20	-61.178928	-61.299649	-61.464640
73.30	-61.171825	-61.291731	-61.454847
73.40	-61.164833	-61.283954	-61.445190
73.50	-61.157950	-61.276296	-61.435666
73.60	-61.151174	-61.268743	-61.426272
73.70	-61.144502	-61.261282	-61.417007
73.80	-61.137933	-61.253907	-61.407868
73.90	-61.131464	-61.246610	-61.398853
74.00	-61.125095	-61.239388	-61.389958
74.10	-61.118822	-61.232239	-61.381182
74.20	-61.112643	-61.225159	-61.372523
74.30	-61.106557	-61.218148	-61.363978
74.40	-61.100562	-61.211205	-61.355545
74.50	-61.094655	-61.204330	-61.347223
74.60	-61.088835	-61.197522	-61.339011
74.70	-61.083101	-61.190782	-61.330905
74.80	-61.077450	-61.184110	-61.322904
74.90	-61.071881	-61.177506	-61.315008
75.00	-61.066392	-61.170971	-61.307212
75.10	-61.060981	-61.164504	-61.299517
75.20	-61.055649	-61.158107	-61.291920
75.30	-61.050391	-61.151778	-61.284420
75.40	-61.045208	-61.146008	-61.277014
75.50	-61.040098	-61.140645	-61.269701
75.60	-61.035060	-61.135573	-61.262480
75.70	-61.030091	-61.130704	-61.255349
75.80	-61.025192	-61.125972	-61.248306
75.90	-61.020359	-61.121327	-61.241351
76.00	-61.015593	-61.116735	-61.234482
76.10	-61.010892	-61.112168	-61.227697
76.20	-61.006255	-61.107609	-61.220995
76.30	-61.001680	-61.103046	-61.214376
76.40	-60.997167	-61.098471	-61.207836
76.50	-60.992714	-61.093881	-61.201376
76.60	-60.988321	-61.089273	-61.194994
76.70	-60.983986	-61.084647	-61.188688
76.80	-60.979708	-61.080006	-61.182458
76.90	-60.975486	-61.075350	-61.176302
77.00	-60.971319	-61.070683	-61.170220
77.10	-60.967207	-61.066009	-61.164210
77.20	-60.963147	-61.061330	-61.158271
77.30	-60.959140	-61.056650	-61.152401
77.40	-60.955184	-61.051973	-61.146601
77.50	-60.951279	-61.047302	-61.140869
77.60	-60.947422	-61.042641	-61.135203
77.70	-60.943615	-61.037992	-61.129604
77.80	-60.939854	-61.033360	-61.124069
77.90	-60.936141	-61.028746	-61.118599
78.00	-60.932474	-61.024153	-61.113190
78.10	-60.928852	-61.019584	-61.107844
78.20	-60.925275	-61.015042	-61.102558
78.30	-60.921741	-61.010528	-61.097331
78.40	-60.918251	-61.006044	-61.092162
78.50	-60.914802	-61.001591	-61.087051
78.60	-60.911395	-60.997416	-61.081997
78.70	-60.908029	-60.993444	-61.076999
78.80	-60.904702	-60.989620	-61.072055
78.90	-60.901415	-60.985902	-61.067166
79.00	-60.898167	-60.982257	-61.062330
79.10	-60.894957	-60.978662	-61.058302
79.20	-60.891784	-60.975100	-61.054850
79.30	-60.888649	-60.971558	-61.051791
79.40	-60.885550	-60.968028	-61.048989
79.50	-60.882486	-60.964505	-61.046339
79.60	-60.879458	-60.960984	-61.043763
79.70	-60.876464	-60.957465	-61.041203
79.80	-60.873505	-60.953945	-61.038618
79.90	-60.870579	-60.950426	-61.035983
80.00	-60.867686	-60.946909	-61.033279
80.10	-60.864826	-60.943393	-61.030497
80.20	-60.861998	-60.939882	-61.027629
80.30	-60.859202	-60.936377	-61.024676
80.40	-60.856437	-60.932879	-61.021638
80.50	-60.853703	-60.929392	-61.018518
80.60	-60.850999	-60.925915	-61.015320
80.70	-60.848325	-60.922452	-61.012049
80.80	-60.845680	-60.919004	-61.008711
80.90	-60.843065	-60.915572	-61.005313
81.00	-60.840479	-60.912158	-61.001861
81.10	-60.837921	-60.908764	-60.998361
81.20	-60.835390	-60.905391	-60.994819
81.30	-60.832888	-60.902040	-60.991241
81.40	-60.830413	-60.898712	-60.987633
81.50	-60.827965	-60.895408	-60.983999
81.60	-60.825543	-60.892130	-60.980345
81.70	-60.823148	-60.888877	-60.976675
81.80	-60.820779	-60.885650	-60.972994
81.90	-60.818435	-60.882452	-60.969305
82.00	-60.816116	-60.879281	-60.965613
82.10	-60.813822	-60.876139	-60.961921
82.20	-60.811553	-60.873026	-60.958231
82.30	-60.809308	-60.869943	-60.954548
82.40	-60.807087	-60.866890	-60.950873
82.50	-60.804889	-60.863867	-60.947209
82.60	-60.802715	-60.860875	-60.943559
82.70	-60.800564	-60.857914	-60.939925
82.80	-60.798436	-60.854984	-60.936308
82.90	-60.796331	-60.852085	-60.932711
83.00	-60.794247	-60.849217	-60.929135
83.10	-60.792186	-60.846380	-60.925581
83.20	-60.790146	-60.843575	-60.922051
83.30	-60.788127	-60.840801	-60.918546
83.40	-60.786130	-60.838059	-60.915067
83.50	-60.784153	-60.835347	-60.911864
83.60	-60.782196	-60.832666	-60.908863
83.70	-60.780261	-60.830015	-60.906005
83.80	-60.778345	-60.827395	-60.903248
83.90	-60.776449	-60.824804	-60.900559
84.00	-60.774572	-60.822244	-60.897912
84.10	-60.772715	-60.819713	-60.895290
84.20	-60.770878	-60.817211	-60.892680
84.30	-60.769059	-60.814739	-60.890073
84.40	-60.767259	-60.812296	-60.887461
84.50	-60.765477	-60.809881	-60.884840
84.60	-60.763713	-60.807494	-60.882210
84.70	-60.761968	-60.805136	-60.879567
84.80	-60.760241	-60.802805	-60.876914
84.90	-60.758531	-60.800503	-60.874249
85.00	-60.757339	-60.798227	-60.871576
85.10	-60.756511	-60.795978	-60.868894
85.20	-60.755930	-60.793757	-60.866207
85.30	-60.755506	-60.791561	-60.863515
85.40	-60.755170	-60.789392	-60.860820
85.50	-60.754871	-60.787249	-60.858126
85.60	-60.754572	-60.785130	-60.855432
85.70	-60.754245	-60.783037	-60.852743
85.80	-60.753872	-60.781219	-60.850058
85.90	-60.753440	-60.779599	-60.847380
86.00	-60.752943	-60.778119	-60.844711
86.10	-60.752376	-60.776735	-60.842053
86.20	-60.751738	-60.775413	-60.839406
86.30	-60.751028	-60.774127	-60.836771
86.40	-60.750250	-60.772859	-60.834151
86.50	-60.749406	-60.771595	-60.831546
86.60	-60.748499	-60.770325	-60.828958
86.70	-60.747532	-60.769042	-60.826387
86.80	-60.746511	-60.767740	-60.823834
86.90	-60.745439	-60.766418	-60.821300
87.00	-60.744320	-60.765073	-60.818785
87.10	-60.743158	-60.763707	-60.816292
87.20	-60.741957	-60.762318	-60.813819
87.30	-60.740721	-60.760909	-60.811367
87.40	-60.739454	-60.759480	-60.808938
87.50	-60.738159	-60.758033	-60.806530
87.60	-60.736840	-60.756569	-60.804144
87.70	-60.735498	-60.755091	-60.801781
87.80	-60.734138	-60.753600	-60.799441
87.90	-60.732763	-60.752098	-60.797125
88.00	-60.731373	-60.750586	-60.794831
88.10	-60.729973	-60.749067	-60.792561
88.20	-60.728564	-60.747542	-60.790314
88.30	-60.727148	-60.746013	-60.788091
88.40	-60.725726	-60.744481	-60.785892
88.50	-60.724302	-60.742947	-60.783717
88.60	-60.722876	-60.741414	-60.781565
88.70	-60.721450	-60.739881	-60.779437
88.80	-60.720025	-60.738351	-60.777333
88.90	-60.718603	-60.736825	-60.775252
89.00	-60.717185	-60.735303	-60.773195
89.10	-60.715771	-60.733786	-60.771160
89.20	-60.714363	-60.732276	-60.769148
89.30	-60.712962	-60.730772	-60.767159
89.40	-60.711568	-60.729277	-60.765193
89.50	-60.710183	-60.727790	-60.763249
89.60	-60.708806	-60.726312	-60.761328
89.70	-60.707439	-60.724844	-60.759429
89.80	-60.706082	-60.723386	-60.757551
89.90	-60.704736	-60.721938	-60.755695
90.00	-60.703400	-60.720502	-60.753861
90.10	-60.702077	-60.719077	-60.752048
90.20	-60.700765	-60.717664	-60.750257
90.30	-60.699465	-60.716262	-60.748486
90.40	-60.698177	-60.714873	-60.746736
90.50	-60.696902	-60.713496	-60.745006
90.60	-60.695640	-60.712133	-60.743297
90.70	-60.694390	-60.710781	-60.741607
90.80	-60.693154	-60.709443	-60.739937
90.90	-60.691932	-60.708118	-60.738287
91.00	-60.690722	-60.706806	-60.736656
91.10	-60.689526	-60.705508	-60.735044
91.20	-60.688343	-60.704222	-60.733451
91.30	-60.687174	-60.702950	-60.731876
91.40	-60.686018	-60.701690	-60.730320
91.50	-60.684876	-60.700444	-60.728782
91.60	-60.683747	-60.699210	-60.727261
91.70	-60.682631	-60.697990	-60.725759
91.80	-60.681529	-60.696782	-60.724273
91.90	-60.680440	-60.695588	-60.722805
92.00	-60.679364	-60.694406	-60.721353
92.10	-60.678301	-60.693237	-60.719918
92.20	-60.677251	-60.692081	-60.718500
92.30	-60.676215	-60.690938	-60.717097
92.40	-60.675190	-60.689807	-60.715711
92.50	-60.674178	-60.688689	-60.714340
92.60	-60.673178	-60.687583	-60.712985
92.70	-60.672190	-60.686489	-60.711645
92.80	-60.671214	-60.685408	-60.710320
92.90	-60.670249	-60.684338	-60.709010
93.00	-60.669296	-60.683281	-60.707715
93.10	-60.668355	-60.682236	-60.706434
93.20	-60.667425	-60.681202	-60.705167
93.30	-60.666507	-60.680180	-60.703914
93.40	-60.665599	-60.679169	-60.702675
93.50	-60.664703	-60.678170	-60.701450
93.60	-60.663817	-60.677182	-60.700238
93.70	-60.662942	-60.676205	-60.699040
93.80	-60.662078	-60.675239	-60.697854
93.90	-60.661224	-60.674284	-60.696681
94.00	-60.660381	-60.673340	-60.695521
94.10	-60.659547	-60.672406	-60.694374
94.20	-60.658724	-60.671482	-60.693239
94.30	-60.657911	-60.670569	-60.692116
94.40	-60.657107	-60.669666	-60.691004
94.50	-60.656313	-60.668773	-60.689905
# IV Measures at spl 40
# RMP 	0.331254	0 
# IVshift	53.7
# IVOnset	0	1.04561
# IVAdaptation	1.95517	1.12088
# IVOffset	-0.0937475	7.06957
# IV Measures RMS error 	3.60587
# IV RMS Error: 	 3.60587
 
#PSTH: Time	 Rate (sp/s)
# 0	0.000000
# 1	182.000000
# 2	306.000000
# 3	292.000000
# 4	288.000000
# 5	280.000000
# 6	192.000000
# 7	0.000000
# 8	0.000000
# 9	0.000000
# 10	0.000000
# 11	0.000000
# 12	0.000000
# 13	0.000000
# 14	0.000000
# 15	0.000000
#CV: Time	 CV ()		 ISI mean (ms)		 ISI sd (ms) 
# 0	0.239925	3.874074	0.929486
# 1	0.230363	3.259615	0.750894
# 2	0.241605	3.484247	0.841812
# 3	0.253164	3.508966	0.888344
# 4	0.258208	3.458197	0.892933
#CV: Time	 CV reference		 CV test ()	 Weighting 
# 0	0.239925	0.132000	10000.000000
# 1	0.230363	0.236500	10000.000000
# 2	0.241605	0.259100	10000.000000
# 3	0.253164	0.260500	10000.000000
# CV RMS Error 	5.48755
 # CV Measures RMS error 	0
#   FSL Mean 5.09, Std Dev 1.54949 
# Checked trials 	50
# Sustained rate 	271.6
# Post stimulus rate penalty 	0

# IV Measures at spl 50
# RMP 	-55.9836	0 
# IVshift	53.3
# IVOnset	0.983041	1.03154
# IVAdaptation	0.995853	1.90448
# IVOffset	0.0753952	6.83496
# IV Measures RMS error 	3.41027
# IV RMS Error: 	 3.41027
 
#PSTH: Time	 Rate (sp/s)
# 0	0.000000
# 1	206.000000
# 2	296.000000
# 3	286.000000
# 4	276.000000
# 5	274.000000
# 6	202.000000
# 7	0.000000
# 8	0.000000
# 9	0.000000
# 10	0.000000
# 11	0.000000
# 12	0.000000
# 13	0.000000
# 14	0.000000
# 15	0.000000
#CV: Time	 CV ()		 ISI mean (ms)		 ISI sd (ms) 
# 0	0.217061	3.666316	0.795815
# 1	0.221151	3.313245	0.732728
# 2	0.244654	3.525352	0.862492
# 3	0.273969	3.575000	0.979438
# 4	0.280886	3.666667	1.029917
#CV: Time	 CV reference		 CV test ()	 Weighting 
# 0	0.217061	0.132000	24000.000000
# 1	0.221151	0.236500	24000.000000
# 2	0.244654	0.259100	24000.000000
# 3	0.273969	0.260500	24000.000000
# CV RMS Error 	6.86779
 # CV Measures RMS error 	0
#   FSL Mean 4.86, Std Dev 1.40218 
# Checked trials 	50
# Sustained rate 	266.8
# Post stimulus rate penalty 	0

# IV Measures at spl 60
# RMP 	0.273316	0 
# IVshift	53.2
# IVOnset	0	1.02852
# IVAdaptation	1.95517	1.06859
# IVOffset	-0.803195	7.4704
# IV Measures RMS error 	4.16048
# IV RMS Error: 	 4.16048
 
#PSTH: Time	 Rate (sp/s)
# 0	2.000000
# 1	206.000000
# 2	288.000000
# 3	270.000000
# 4	266.000000
# 5	258.000000
# 6	200.000000
# 7	0.000000
# 8	0.000000
# 9	0.000000
# 10	0.000000
# 11	0.000000
# 12	0.000000
# 13	0.000000
# 14	0.000000
# 15	0.000000
#CV: Time	 CV ()		 ISI mean (ms)		 ISI sd (ms) 
# 0	0.233331	3.667327	0.855700
# 1	0.312478	3.522378	1.100667
# 2	0.280308	3.650370	1.023228
# 3	0.330209	3.844030	1.269332
# 4	0.259388	3.708257	0.961878
#CV: Time	 CV reference		 CV test ()	 Weighting 
# 0	0.233331	0.132000	14000.000000
# 1	0.312478	0.236500	14000.000000
# 2	0.280308	0.259100	14000.000000
# 3	0.330209	0.260500	14000.000000
# CV RMS Error 	8.6443
 # CV Measures RMS error 	0
#   FSL Mean 4.678, Std Dev 1.45073 
# Checked trials 	50
# Sustained rate 	256.4
# Sustained rate penalty 	0
# Post stimulus rate penalty 	0

#  Input Resistance = 163.108
#  Input Resistance Penalty = 0
#  tonefreq = 9100
# bandwidth
#	0.0000	0.0000	0.0000	0.0000
#	3.0000	0.0000	0.0000	0.0000
#	9.0000	30.0000	0.0000	5.0000
#	3.0000	30.0000	2.0000	0.0000
#	0.0000	0.0000	40.0000	1.0000
#	0.0000	0.0000	40.0000	2.4837
# num. connections
#	0	0	0	0
#	20	0	0	0
#	20	30	0	0
#	20	20	5	0
#	30	20	125	1
#	30	20	84	1
# weights
#	0	0	0	0
#	0.00032426	0	0	0
#	0.00040527	0.00179324	0	0
#	0.00014179	0.00129324	0.000531549	0
#	0.00088558	0.000645083	0.000167221	0.0487
#	0.0016202	0.0051716	0.01103	0.5166
# delay
#	0.4000	0.0000	0.4000	0.0000
#	0.4000	0.0000	1.0000	0.0000
#	0.4000	0.5000	0.0000	0.0000
#	0.5000	0.5000	0.4000	0.0000
#	1.6000	2.0000	1.0000	2.5000
#	1.6000	2.0000	1.0000	2.5000
# offset  2.1
# golgi_syn_filter_scale_factor 1
# golgi_spon 3.7271
# ds_gaba_decay			 5.43235
# ds_gaba_rise			 0.261939
# ds_erev  -70
# ds_gkltbar	 0.0163897
# ds_gkhtbar	 0.030623
# ds_gleak  0.000274146
# ds_gnabar  0.30623
# tv_gleak  0.000249321
# tv_erev  -72
# ts_gkhtbar  0.0189416
# ts_gnabar  0.23677
# ts_gkabar  0.01539
# ts_ghbar  6.20392e-05
# ts_gleak  0.000473539
# ts_erev  -60.9
# ts_dend_g  0.001
# ts_dend_e  -65
# ts_jitter_sd  0.2
