#with Strych tone
-83.4185935475  6.17283950617
-79.7069322238  115.226337449
-75.7008389605  240.740740741
-72.2699679422  345.679012346
-70.8910260783  343.621399177
-68.617420367  401.234567901
-67.7909646909  399.176954733
-65.8163381306  436.21399177
-63.5904781393  450.617283951
-61.9057363072  475.308641975
-60.2641929837  460.905349794
-59.7117067958  460.905349794
-58.8579678512  483.53909465
-57.4699315645  489.711934156
-56.378600823  477.366255144
-54.4448991656  477.366255144
-52.3008889798  417.695473251
-51.1913693927  421.810699588
-50.0591137485  446.502057613
-48.4107496078  438.271604938
-46.7123661415  475.308641975
-43.4361003115  440.329218107
-40.4565400268  386.83127572
-39.0594093172  401.234567901
-37.9612577587  395.061728395
-35.4591546734  409.465020576
-33.8176113498  395.061728395
-31.8384375782  436.21399177
-29.4022690585  390.946502058
-27.4321897097  423.868312757
-26.1055407771  374.485596708
-23.5579655776  430.041152263
-21.9300638883  403.29218107
-20.5261123616  423.868312757
-18.0694813905  397.119341564
-16.3892867699  417.695473251
-14.4783211695  397.119341564
-12.8004001546  415.637860082
-11.4282791078  407.407407407


# Control tone
-91.714980788  -2.05761316872
-84.2518700407  2.05761316872
-82.0419252893  2.05761316872
-78.9691471705  32.9218106996
-77.2571220699  82.304526749
-76.0657526772  160.49382716
-73.239660778  218.106995885
-71.7856899257  283.950617284
-70.1282313621  283.950617284
-68.7242798354  304.526748971
-66.5052406612  312.757201646
-65.1103835573  325.102880658
-61.5851579019  265.432098765
-59.907236887  283.950617284
-58.7931700884  292.181069959
-55.2361139531  261.316872428
-52.4759566196  259.259259259
-50.5627174135  240.740740741
-48.6312893618  238.683127572
-47.519496169  244.855967078
-45.0446763522  234.567901235
-40.9010299434  234.567901235
-39.8051519905  226.33744856
-37.8737239388  224.279835391
-35.3829888821  228.395061728
-32.6364731828  213.991769547
-30.6868562854  228.395061728
-28.5064684082  201.646090535
-25.7372166519  207.818930041
-24.8880249187  226.33744856


# with Strych Noise RL
-77.3480662983  0
-63.5336379965  2.05761316872
-59.6662346816  2.05761316872
-55.7897369438  10.2880658436
-52.7306004593  28.8065843621
-49.6237182548  90.5349794239
-44.8252734011  183.127572016
-40.6043243981  253.086419753
-36.3947434236  312.757201646
-33.2992292477  364.197530864
-31.3791692245  351.851851852
-29.9661232749  380.658436214
-27.2218811814  364.197530864
-24.9846531614  388.888888889
-22.5052861333  382.716049383
-19.1744537662  397.119341564
-15.9118295705  349.794238683
-13.3938112453  378.600823045


# control noise RL
-69.6109860628  2.05761316872
-58.5612623059  2.05761316872
-48.0662983425  0
-41.7127071823  0
-40.3246708956  6.17283950617
-38.3886956324  8.2304526749
-36.7289634632  10.2880658436
-33.69028943  10.2880658436
-30.3753723029  10.2880658436
-29.5489166269  8.2304526749
-27.3435190869  4.11522633745
-26.2385467112  4.11522633745
-24.0286019598  4.11522633745
-21.5446877203  2.05761316872
-20.4351681331  6.17283950617
-19.6109860628  2.05761316872
-14.9125798604  4.11522633745
-7.73253302412  2.05761316872
-3.58888661528  2.05761316872


# with Bic Tone
-88.400063661  -2.05761316872
-84.5235659232  6.17283950617
-81.4371461701  49.3827160494
-78.8872973649  106.995884774
-77.6845599436  195.473251029
-77.358297524  240.740740741
-76.2192210627  271.604938272
-74.5140167792  314.814814815
-73.3294682036  386.83127572
-72.4575404133  425.925925926
-71.8527612941  473.251028807
-71.0240320124  473.251028807
-69.9395220881  454.732510288
-69.144896892  423.868312757
-68.0603869677  405.349794239
-66.1312325217  401.234567901
-65.3366073256  370.37037037
-63.1152945456  380.658436214
-61.4760248278  364.197530864
-60.1289134438  333.333333333
-57.3778505332  323.04526749
-55.969351795  347.736625514
-54.5563058454  376.543209877
-53.4581542869  370.37037037
-52.6044153423  393.004115226
-51.7574972148  409.465020576
-50.4285746766  362.139917695
-48.2186299252  362.139917695
-46.8487824841  351.851851852
-45.7665461656  331.275720165
-44.0863515449  351.851851852
-41.8536707364  372.427983539
-40.7396039379  380.658436214
-39.3879453425  353.909465021
-38.3102562354  329.218106996
-36.6346088261  345.679012346
-35.7740490644  374.485596708
-34.4110224405  358.024691358
-33.6095764273  333.333333333
-31.6917900098  318.930041152
-29.9934065434  355.967078189
-27.8380283291  306.58436214
-25.886137826  323.04526749
-23.6761930746  323.04526749
-22.2404110679  372.427983539
-19.8087897597  323.04526749
-18.1263215333  345.679012346
-12.0671623127  329.218106996


# with Bic Noise
-75.1358479413  2.05761316872
-62.9834254144  0
-56.0750744606  2.05761316872
-51.646090535  10.2880658436
-49.424777755  20.5761316872
-46.653252393  28.8065843621
-43.5827478799  57.6131687243
-42.7585658095  53.4979423868
-40.2382738785  84.3621399177
-38.0124138872  98.7654320988
-36.0855330469  92.5925925926
-33.556146693  131.687242798
-31.3257394903  150.205761317
-28.8259100107  162.551440329
-25.8167928518  135.802469136
-23.570470409  168.724279835
-19.1323920606  185.185185185
-14.6920401064  203.703703704
-12.7856217175  179.012345679
-11.3521133165  226.33744856
