-69.6109860628  2.05761316872
-58.5612623059  2.05761316872
-48.0662983425  0
-41.7127071823  0
-40.3246708956  6.17283950617
-38.3886956324  8.2304526749
-36.7289634632  10.2880658436
-33.69028943  10.2880658436
-30.3753723029  10.2880658436
-29.5489166269  8.2304526749
-27.3435190869  4.11522633745
-26.2385467112  4.11522633745
-24.0286019598  4.11522633745
-21.5446877203  2.05761316872
-20.4351681331  6.17283950617
-19.6109860628  2.05761316872
-14.9125798604  4.11522633745
-7.73253302412  2.05761316872
-3.58888661528  2.05761316872
