# Tstellate cell raster plot
0 0 0     38.300
0 0 0     49.900
1 0 1     33.600
1 0 1     45.800
1 0 1     53.100
2 0 2     18.800
2 0 2     28.900
2 0 2     50.900
2 0 2     74.700
3 0 3     27.500
3 0 3     46.100
3 0 3     65.100
4 0 4     33.800
4 0 4     39.700
4 0 4     47.500
4 0 4     62.100
5 0 5     22.900
5 0 5     32.400
5 0 5     57.300
5 0 5     75.300
6 0 6     18.500
6 0 6     42.000
7 0 7     28.700
7 0 7     69.700
7 0 7     79.900
8 0 8      3.500
9 0 9      5.100
9 0 9     49.700
9 0 9     69.100
10 0 10      6.600
10 0 10     15.100
10 0 10     45.000
11 0 11     62.300
12 0 12      7.800
12 0 12     50.900
13 0 13     11.900
13 0 13     43.800
14 0 14     36.600
14 0 14     59.900
14 0 14     65.700
15 0 15     22.600
15 0 15     59.800
16 0 16      4.100
16 0 16     17.900
16 0 16     22.100
16 0 16     35.900
16 0 16     65.400
17 0 17      8.200
17 0 17     48.200
17 0 17     66.800
18 0 18     74.000
19 0 19      7.600
19 0 19     28.800
19 0 19     50.900
19 0 19     73.100
20 0 20     12.300
20 0 20     44.000
20 0 20     58.200
21 0 21      5.400
21 0 21     11.500
21 0 21     53.500
22 0 22     57.300
22 0 22     70.000
23 0 23      4.700
23 0 23     23.600
23 0 23     42.800
23 0 23     62.400
23 0 23     68.600
24 0 24     68.400
25 0 25      6.500
25 0 25     28.300
25 0 25     49.700
25 0 25     61.000
25 0 25     69.500
25 0 25     79.900
26 0 26     20.800
26 0 26     35.600
26 0 26     59.100
27 0 27     59.600
28 0 28      7.700
28 0 28     20.400
28 0 28     29.500
28 0 28     58.700
29 0 29     18.700
29 0 29     27.900
29 0 29     52.900
30 0 30     15.800
30 0 30     47.200
31 0 31     15.500
31 0 31     55.600
31 0 31     72.600
32 0 32      5.600
32 0 32     32.200
32 0 32     58.300
32 0 32     78.400
33 0 33      5.800
33 0 33     64.900
34 0 34     50.400
34 0 34     63.900
35 0 35     50.900
36 0 36      8.000
36 0 36     16.800
36 0 36     52.200
36 0 36     76.800
37 0 37     16.400
38 0 38     63.200
39 0 39     10.600
39 0 39     69.300
40 0 40     32.400
40 0 40     52.400
41 0 41     28.200
41 0 41     62.600
41 0 41     72.900
42 0 42      8.900
42 0 42     21.900
42 0 42     26.500
42 0 42     38.100
42 0 42     46.400
42 0 42     50.800
42 0 42     57.600
42 0 42     71.600
43 0 43     26.800
43 0 43     37.900
43 0 43     46.100
43 0 43     51.200
43 0 43     59.000
43 0 43     67.500
43 0 43     71.400
44 0 44     26.000
44 0 44     30.300
44 0 44     38.600
44 0 44     44.000
44 0 44     49.100
44 0 44     53.600
44 0 44     63.700
44 0 44     67.700
44 0 44     70.900
45 0 45     14.800
45 0 45     25.600
45 0 45     29.000
45 0 45     32.700
45 0 45     36.700
45 0 45     41.200
45 0 45     44.000
45 0 45     47.100
45 0 45     52.800
45 0 45     56.900
45 0 45     61.600
45 0 45     64.700
45 0 45     69.500
45 0 45     72.600
45 0 45     76.800
46 0 46     25.700
46 0 46     30.900
46 0 46     33.700
46 0 46     37.600
46 0 46     41.800
46 0 46     45.200
46 0 46     51.200
46 0 46     55.300
46 0 46     59.800
46 0 46     63.200
46 0 46     67.000
46 0 46     71.000
46 0 46     74.500
47 0 47      6.500
47 0 47     25.700
47 0 47     32.600
47 0 47     36.800
47 0 47     40.900
47 0 47     44.900
47 0 47     51.200
47 0 47     55.400
47 0 47     58.700
47 0 47     62.700
47 0 47     67.900
47 0 47     71.600
47 0 47     76.300
48 0 48     13.000
48 0 48     25.400
48 0 48     29.500
48 0 48     32.000
48 0 48     36.200
48 0 48     39.000
48 0 48     42.600
48 0 48     46.200
48 0 48     50.800
48 0 48     55.000
48 0 48     60.300
48 0 48     67.200
48 0 48     71.300
48 0 48     74.400
49 0 49     19.900
49 0 49     25.300
49 0 49     29.300
49 0 49     32.900
49 0 49     36.100
49 0 49     39.000
49 0 49     42.600
49 0 49     46.200
49 0 49     52.400
49 0 49     54.900
49 0 49     60.700
49 0 49     64.200
49 0 49     68.100
49 0 49     72.000
49 0 49     74.700
50 0 50     14.200
50 0 50     25.400
50 0 50     28.500
50 0 50     30.900
50 0 50     34.000
50 0 50     36.900
50 0 50     43.600
50 0 50     47.200
50 0 50     52.500
50 0 50     56.200
50 0 50     60.500
50 0 50     64.100
50 0 50     67.800
50 0 50     72.000
50 0 50     75.200
51 0 51     17.300
51 0 51     25.300
51 0 51     28.800
51 0 51     33.600
51 0 51     37.600
51 0 51     40.800
51 0 51     46.100
51 0 51     48.600
51 0 51     52.500
51 0 51     56.300
51 0 51     59.200
51 0 51     62.900
51 0 51     66.300
51 0 51     69.900
52 0 52     24.600
52 0 52     27.900
52 0 52     30.500
52 0 52     33.100
52 0 52     36.100
52 0 52     41.500
52 0 52     47.100
52 0 52     50.200
52 0 52     53.700
52 0 52     57.900
52 0 52     65.800
52 0 52     69.100
52 0 52     72.900
53 0 53     25.200
53 0 53     28.600
53 0 53     33.100
53 0 53     36.100
53 0 53     40.000
53 0 53     43.100
53 0 53     47.000
53 0 53     52.900
53 0 53     56.800
53 0 53     60.100
53 0 53     64.800
53 0 53     67.800
53 0 53     71.200
53 0 53     74.900
54 0 54     25.200
54 0 54     28.100
54 0 54     31.400
54 0 54     34.900
54 0 54     37.700
54 0 54     40.300
54 0 54     43.500
54 0 54     46.200
54 0 54     51.800
54 0 54     55.000
54 0 54     59.900
54 0 54     62.600
54 0 54     65.400
54 0 54     70.200
54 0 54     72.900
55 0 55      9.500
55 0 55     25.200
55 0 55     28.000
55 0 55     31.800
55 0 55     36.400
55 0 55     40.000
55 0 55     42.000
55 0 55     46.400
55 0 55     50.800
55 0 55     55.200
55 0 55     62.200
55 0 55     68.500
55 0 55     71.200
55 0 55     74.000
56 0 56     16.800
56 0 56     25.100
56 0 56     27.700
56 0 56     31.100
56 0 56     36.900
56 0 56     40.100
56 0 56     43.300
56 0 56     46.400
56 0 56     50.300
56 0 56     55.700
56 0 56     58.700
56 0 56     63.800
56 0 56     68.900
56 0 56     72.700
57 0 57      7.700
57 0 57     16.900
57 0 57     25.200
57 0 57     29.800
57 0 57     32.800
57 0 57     37.800
57 0 57     40.900
57 0 57     47.000
57 0 57     50.000
57 0 57     53.700
57 0 57     57.900
57 0 57     61.700
57 0 57     66.400
57 0 57     72.400
58 0 58     13.900
58 0 58     25.100
58 0 58     29.000
58 0 58     32.900
58 0 58     36.100
58 0 58     39.700
58 0 58     43.500
58 0 58     47.500
58 0 58     50.500
58 0 58     55.400
58 0 58     59.500
58 0 58     63.800
58 0 58     68.000
58 0 58     73.400
59 0 59     25.100
59 0 59     30.000
59 0 59     33.300
59 0 59     38.300
59 0 59     41.400
59 0 59     45.600
59 0 59     49.900
59 0 59     54.400
59 0 59     58.500
59 0 59     61.700
59 0 59     64.400
59 0 59     67.700
59 0 59     70.900
60 0 60     25.200
60 0 60     27.900
60 0 60     32.200
60 0 60     38.300
60 0 60     42.200
60 0 60     47.200
60 0 60     52.200
60 0 60     57.100
60 0 60     60.400
60 0 60     64.100
60 0 60     67.300
60 0 60     70.600
60 0 60     73.600
61 0 61     25.800
61 0 61     30.500
61 0 61     34.000
61 0 61     36.900
61 0 61     40.900
61 0 61     46.300
61 0 61     50.200
61 0 61     55.900
61 0 61     60.600
61 0 61     64.400
61 0 61     67.600
61 0 61     71.400
61 0 61     74.500
62 0 62     26.100
62 0 62     29.400
62 0 62     33.500
62 0 62     36.200
62 0 62     40.200
62 0 62     47.200
62 0 62     51.200
62 0 62     56.800
62 0 62     61.100
62 0 62     68.600
62 0 62     71.400
63 0 63      8.900
63 0 63     26.500
63 0 63     30.000
63 0 63     36.700
63 0 63     40.400
63 0 63     46.200
63 0 63     52.800
63 0 63     57.800
63 0 63     61.300
64 0 64      3.900
64 0 64      9.700
64 0 64     27.600
64 0 64     36.300
64 0 64     43.200
64 0 64     46.700
64 0 64     52.200
64 0 64     56.600
64 0 64     60.400
64 0 64     64.000
64 0 64     74.400
65 0 65     17.100
65 0 65     26.100
65 0 65     33.700
65 0 65     40.400
65 0 65     49.600
65 0 65     64.200
66 0 66     28.300
66 0 66     34.800
66 0 66     47.900
66 0 66     70.300
66 0 66     79.900
67 0 67     46.800
67 0 67     53.100
68 0 68     10.200
68 0 68     50.800
69 0 69     18.400
69 0 69     36.400
69 0 69     69.000
70 0 70     43.100
70 0 70     62.600
71 0 71     26.900
72 0 72      8.900
72 0 72     27.900
72 0 72     49.600
73 0 73     49.900
74 0 74     14.800
74 0 74     55.900
75 0 75     16.600
76 0 76      9.100
76 0 76     75.100
77 0 77     10.400
77 0 77     38.400
77 0 77     54.800
78 0 78      5.800
78 0 78     57.200
78 0 78     63.900
79 0 79     22.100
79 0 79     67.700
80 0 80     20.300
80 0 80     46.000
81 0 81     20.700
81 0 81     24.200
81 0 81     32.000
81 0 81     59.700
82 0 82     23.900
82 0 82     28.400
82 0 82     48.800
83 0 83     18.100
83 0 83     54.800
83 0 83     71.100
84 0 84      6.500
84 0 84     20.700
84 0 84     48.800
85 0 85     49.200
86 0 86     67.500
90 0 90     19.400
90 0 90     67.300
90 0 90     77.000
91 0 91     25.800
91 0 91     31.100
91 0 91     41.000
91 0 91     51.400
91 0 91     63.700
91 0 91     79.900
92 0 92     18.000
92 0 92     35.600
93 0 93     43.300
93 0 93     72.500
94 0 94     24.800
95 0 95     11.600
95 0 95     21.500
95 0 95     40.900
96 0 96     13.800
96 0 96     32.500
96 0 96     63.800
96 0 96     77.600
97 0 97     46.300
97 0 97     62.800
97 0 97     71.900
98 0 98     22.200
98 0 98     45.400
98 0 98     72.300
98 0 98     77.900
99 0 99     46.100
99 0 99     61.900
