# TStellate3_CS Optimisation
# 20130904+11:15:31
 
#param.w.x[lsr][ts] = 0.0017991	[1e-07,0.3]
#param.w.x[hsr][ts] = 0.0004908	[1e-07,0.3]
#param.w.x[ds][ts] = 7.3372e-05	[1e-07,0.3]
#param.w.x[tv][ts] = 0.00017319	[1e-07,0.3]
#param.w.x[glg][ts] = 8.9534e-06	[1e-07,0.3]
# final error=71.192667
# Threshold level 20 
# Threshold rate 0 
# TS exemplar RMP -60.9
# TS exemplar CF 9100
# CV RMS errors:	7.32	7.329	7.873	
# CV Penalties :	0	0	0	10.97	0	0.3225	0.7094	3.722	0	0	0	0	0	0	5.171	2.208	0	0	0	12.13	0	0	5.179	3.329	
# IV RMS errors:	1.691	2.219	1.011	
# IV Penalties :	
# Final Error  71.1927   71.1927
# Time	 IV @spl=20 (mV)	 IV @spl=30 (mV)	 IV @spl=40 (mV)
-50.00	-65.000000	-65.000000	-65.000000
-49.90	-64.766934	-64.766934	-64.766934
-49.80	-64.545736	-64.545736	-64.545736
-49.70	-64.335646	-64.335646	-64.335646
-49.60	-64.136115	-64.136115	-64.136115
-49.50	-63.946649	-63.946649	-63.946649
-49.40	-63.766647	-63.766647	-63.766647
-49.30	-63.595652	-63.595652	-63.595652
-49.20	-63.433250	-63.433250	-63.433250
-49.10	-63.279047	-63.279047	-63.279047
-49.00	-63.132590	-63.132590	-63.132590
-48.90	-62.993458	-62.993458	-62.993458
-48.80	-62.861308	-62.861308	-62.861308
-48.70	-62.735827	-62.735827	-62.735827
-48.60	-62.616717	-62.616717	-62.616717
-48.50	-62.503695	-62.503695	-62.503695
-48.40	-62.396372	-62.396372	-62.396372
-48.30	-62.294460	-62.294460	-62.294460
-48.20	-62.197712	-62.197712	-62.197712
-48.10	-62.105895	-62.105895	-62.105895
-48.00	-62.018788	-62.018788	-62.018788
-47.90	-61.936179	-61.936179	-61.936179
-47.80	-61.857864	-61.857864	-61.857877
-47.70	-61.783649	-61.783649	-61.783687
-47.60	-61.713277	-61.713277	-61.713348
-47.50	-61.646526	-61.646526	-61.641180
-47.40	-61.577774	-61.583227	-61.574047
-47.30	-61.513890	-61.517772	-61.511375
-47.20	-61.448866	-61.457030	-61.447269
-47.10	-61.389268	-61.400440	-61.388374
-47.00	-61.328936	-61.347563	-61.328541
-46.90	-61.274261	-61.281765	-61.263361
-46.80	-61.208104	-61.218311	-61.184311
-46.70	-61.150734	-61.151905	-61.101597
-46.60	-61.095010	-61.073424	-61.011848
-46.50	-61.030301	-61.003189	-60.917876
-46.40	-60.959896	-60.934264	-60.838086
-46.30	-60.891445	-60.861666	-60.753291
-46.20	-60.825204	-60.767557	-60.676446
-46.10	-60.756005	-60.673645	-60.579706
-46.00	-60.690865	-60.591221	-60.495940
-45.90	-60.629268	-60.517666	-60.406568
-45.80	-60.560015	-60.440716	-60.324777
-45.70	-60.459533	-60.348883	-60.243761
-45.60	-60.348033	-60.231273	-60.134441
-45.50	-60.256331	-60.118687	-60.025324
-45.40	-60.147536	-60.019605	-59.922353
-45.30	-60.017084	-59.913949	-59.814606
-45.20	-59.903986	-59.813759	-59.714745
-45.10	-59.815365	-59.700869	-59.612158
-45.00	-59.734550	-59.570668	-59.529170
-44.90	-59.644837	-59.448035	-59.445341
-44.80	-59.528376	-59.303869	-59.350561
-44.70	-59.404664	-59.087162	-59.244107
-44.60	-59.266153	-58.674367	-59.151335
-44.50	-59.149836	-58.589899	-59.068738
-44.40	-59.050711	-58.528074	-58.999067
-44.30	-58.954296	-58.765357	-58.928910
-44.20	-58.842555	-58.959916	-58.843646
-44.10	-58.734137	-59.082856	-58.749295
-44.00	-58.623715	-59.100831	-58.649137
-43.90	-58.517628	-59.037156	-58.534986
-43.80	-58.377415	-58.966181	-58.409586
-43.70	-58.250637	-58.860460	-58.293445
-43.60	-58.143998	-58.762289	-58.148583
-43.50	-58.030441	-58.640146	-58.031390
-43.40	-57.927003	-58.508125	-57.934441
-43.30	-57.845914	-58.409511	-57.863657
-43.20	-57.795820	-58.324751	-57.771796
-43.10	-57.722275	-58.254983	-57.682202
-43.00	-57.658714	-58.175601	-57.584291
-42.90	-57.576611	-58.069039	-57.495786
-42.80	-57.471866	-57.973500	-57.419030
-42.70	-57.279265	-57.875960	-57.368356
-42.60	-56.909230	-57.746278	-57.316377
-42.50	-56.869084	-57.638480	-57.263285
-42.40	-56.843346	-57.535720	-57.213301
-42.30	-57.118116	-57.436113	-57.172316
-42.20	-57.317099	-57.288372	-57.133923
-42.10	-57.434247	-56.955590	-57.099247
-42.00	-57.481883	-56.792393	-57.085947
-41.90	-57.494786	-56.726324	-57.071995
-41.80	-57.480550	-56.921194	-57.053285
-41.70	-57.451140	-57.164789	-57.026978
-41.60	-57.406009	-57.327080	-57.005049
-41.50	-57.338495	-57.355423	-56.991500
-41.40	-57.282604	-57.299919	-56.982768
-41.30	-57.215044	-57.174799	-56.983927
-41.20	-57.146059	-56.900308	-56.982218
-41.10	-57.092264	-56.721364	-56.966989
-41.00	-57.030529	-56.662700	-56.955716
-40.90	-56.967606	-56.828102	-56.919101
-40.80	-56.902817	-56.977493	-56.860337
-40.70	-56.818380	-56.978000	-56.787905
-40.60	-56.717232	-56.745731	-56.682803
-40.50	-56.617677	-56.756271	-56.530757
-40.40	-56.484458	-56.754457	-56.289080
-40.30	-56.239686	-57.080238	-56.239565
-40.20	-55.933534	-57.281774	-56.211083
-40.10	-55.853746	-57.434912	-56.430823
-40.00	-55.877891	-57.502828	-56.624355
-39.90	-55.996664	-57.529217	-56.754291
-39.80	-55.852281	-57.507916	-56.812269
-39.70	-55.933781	-57.464070	-56.853946
-39.60	-55.949036	-57.436376	-56.884652
-39.50	-56.222897	-57.387596	-56.895565
-39.40	-56.279840	-57.335759	-56.910477
-39.30	-56.290172	-57.285569	-56.915129
-39.20	-56.340866	-57.199903	-56.915200
-39.10	-56.556412	-57.020521	-56.891575
-39.00	-56.772419	-56.801899	-56.861379
-38.90	-56.778426	-56.773751	-56.844917
-38.80	-56.542904	-56.887658	-56.827470
-38.70	-56.550681	-57.169678	-56.813694
-38.60	-56.560581	-57.375147	-56.813675
-38.50	-56.853931	-57.496527	-56.807613
-38.40	-57.038053	-57.542851	-56.750650
-38.30	-57.138891	-57.573268	-56.717790
-38.20	-57.165454	-57.583282	-56.676839
-38.10	-57.167978	-57.618138	-56.635762
-38.00	-57.113640	-57.636495	-56.585137
-37.90	-57.012400	-57.641735	-56.554605
-37.80	-56.901907	-57.623230	-56.509875
-37.70	-56.698616	-57.575482	-56.435484
-37.60	-56.446191	-57.519147	-56.362226
-37.50	-56.431835	-57.500409	-56.255456
-37.40	-56.564816	-57.487269	-56.086511
-37.30	-56.859338	-57.466681	-55.799173
-37.20	-57.092295	-57.445848	-55.223132
-37.10	-57.211112	-57.402271	-54.830486
-37.00	-57.274538	-57.352013	-54.463757
-36.90	-57.301630	-57.302473	-54.785034
-36.80	-57.298216	-57.255912	-55.259078
-36.70	-57.297397	-57.204722	-55.903675
-36.60	-57.299120	-57.150348	-56.338889
-36.50	-57.285009	-57.033497	-56.584780
-36.40	-57.267574	-56.752911	-56.679547
-36.30	-57.259169	-56.535493	-56.670729
-36.20	-57.244564	-56.538506	-56.516119
-36.10	-57.185675	-56.676874	-56.449039
-36.00	-57.019632	-56.899429	-56.431751
-35.90	-56.849384	-57.057892	-56.532956
-35.80	-56.869046	-57.134543	-56.442764
-35.70	-57.051034	-57.153117	-56.628122
-35.60	-57.344712	-57.154807	-56.754205
-35.50	-57.524628	-57.149298	-57.144101
-35.40	-57.621100	-57.103008	-57.443766
-35.30	-57.643149	-57.056278	-57.631545
-35.20	-57.626106	-56.991869	-57.730954
-35.10	-57.612713	-56.914279	-57.773395
-35.00	-57.560813	-56.820903	-57.776440
-34.90	-57.524978	-56.690772	-57.765445
-34.80	-57.490805	-56.402838	-57.755824
-34.70	-57.487823	-56.230446	-57.698111
-34.60	-57.497034	-56.162612	-57.676632
-34.50	-57.501805	-56.364975	-57.681389
-34.40	-57.497581	-56.593020	-57.664450
-34.30	-57.517347	-56.738196	-57.642495
-34.20	-57.519679	-56.774674	-57.631734
-34.10	-57.503037	-56.779532	-57.624422
-34.00	-57.479004	-56.776454	-57.619102
-33.90	-57.460008	-56.752455	-57.593655
-33.80	-57.429597	-56.718778	-57.584173
-33.70	-57.410445	-56.613601	-57.577082
-33.60	-57.415506	-56.373606	-57.571921
-33.50	-57.418265	-56.236325	-57.563029
-33.40	-57.433424	-56.215442	-57.541437
-33.30	-57.399806	-56.398059	-57.546117
-33.20	-57.359338	-56.596998	-57.535580
-33.10	-57.327211	-56.697334	-57.532688
-33.00	-57.286242	-56.650144	-57.516470
-32.90	-57.226372	-56.359556	-57.499163
-32.80	-57.144760	-56.336041	-57.490994
-32.70	-57.060752	-56.223048	-57.469479
-32.60	-56.988237	-56.259485	-57.424707
-32.50	-56.907630	-56.476496	-57.386335
-32.40	-56.802475	-56.626216	-57.363043
-32.30	-56.712698	-56.961749	-57.332226
-32.20	-56.633647	-57.235966	-57.319958
-32.10	-56.549311	-57.383332	-57.310910
-32.00	-56.410905	-57.417546	-57.298005
-31.90	-56.207419	-57.409147	-57.258290
-31.80	-55.719609	-57.379983	-57.224903
-31.70	-55.387337	-57.319341	-57.210548
-31.60	-55.350198	-57.265981	-57.185396
-31.50	-55.611633	-57.206785	-57.152330
-31.40	-56.128227	-57.120594	-57.123929
-31.30	-56.505681	-57.062897	-57.114082
-31.20	-56.721446	-57.009587	-57.088129
-31.10	-56.834703	-56.965821	-57.085209
-31.00	-56.882825	-56.898283	-57.063298
-30.90	-56.882985	-56.807757	-57.055257
-30.80	-56.854771	-56.694719	-57.050178
-30.70	-56.806108	-56.601708	-57.058386
-30.60	-56.681463	-56.518294	-57.056759
-30.50	-56.345890	-56.438650	-57.053148
-30.40	-56.314008	-56.380051	-57.036626
-30.30	-56.291428	-56.317928	-57.021825
-30.20	-56.556628	-56.233797	-57.037526
-30.10	-56.782939	-56.135359	-57.049295
-30.00	-56.919919	-56.013607	-57.064229
-29.90	-56.976375	-55.801017	-57.076597
-29.80	-56.957896	-55.333032	-57.082601
-29.70	-56.842633	-55.012267	-57.054502
-29.60	-56.546212	-54.929211	-57.049526
-29.50	-56.518714	-55.079785	-57.048195
-29.40	-56.493206	-55.416790	-57.035147
-29.30	-56.781965	-55.824520	-57.021821
-29.20	-57.012061	-56.119222	-57.004220
-29.10	-57.154174	-56.511909	-56.977058
-29.00	-57.221721	-56.766461	-56.958074
-28.90	-57.257769	-56.889837	-56.919496
-28.80	-57.260591	-56.938349	-56.867322
-28.70	-57.216100	-56.963977	-56.826806
-28.60	-57.142967	-56.968850	-56.769709
-28.50	-57.023649	-56.926099	-56.699504
-28.40	-56.831531	-56.867852	-56.604474
-28.30	-56.566032	-56.757783	-56.385815
-28.20	-56.556389	-56.608316	-56.249885
-28.10	-56.588149	-56.332453	-56.240616
-28.00	-56.892054	-56.187395	-56.424712
-27.90	-57.054942	-56.118402	-56.672653
-27.80	-57.141376	-56.250529	-56.797019
-27.70	-57.141410	-56.372470	-56.830613
-27.60	-57.117011	-56.328186	-56.816869
-27.50	-57.063170	-56.309985	-56.763795
-27.40	-57.018741	-56.355985	-56.637404
-27.30	-56.955056	-56.552689	-56.398440
-27.20	-56.881620	-56.817573	-56.065778
-27.10	-56.767475	-56.987881	-56.015210
-27.00	-56.639694	-57.091275	-55.993326
-26.90	-56.420511	-57.153018	-56.297831
-26.80	-56.110534	-57.171646	-56.476893
-26.70	-56.002847	-57.157218	-56.584038
-26.60	-55.917227	-57.141631	-56.636581
-26.50	-55.832796	-57.118164	-56.648934
-26.40	-55.987822	-57.094413	-56.656894
-26.30	-56.070875	-57.045156	-56.658948
-26.20	-56.394906	-56.933417	-56.641392
-26.10	-56.618555	-56.737279	-56.583575
-26.00	-56.739279	-56.563998	-56.534607
-25.90	-56.768934	-56.526548	-56.485815
-25.80	-56.755033	-56.581237	-56.438273
-25.70	-56.743912	-56.767379	-56.381224
-25.60	-56.716772	-56.877138	-56.328791
-25.50	-56.671360	-56.935879	-56.296117
-25.40	-56.612606	-56.959499	-56.256213
-25.30	-56.567725	-56.963761	-56.188679
-25.20	-56.517520	-56.947992	-56.062775
-25.10	-56.467264	-56.945105	-55.796718
-25.00	-56.393621	-56.938166	-55.684162
-24.90	-56.319409	-56.929378	-55.552025
-24.80	-56.265911	-56.909839	-55.467814
-24.70	-56.205540	-56.895732	-55.676902
-24.60	-56.149795	-56.875709	-55.825339
-24.50	-56.086479	-56.880344	-56.197232
-24.40	-55.985985	-56.867140	-56.486040
-24.30	-55.780991	-56.855490	-56.651481
-24.20	-55.586182	-56.835129	-56.689938
-24.10	-55.510297	-56.817521	-56.671827
-24.00	-55.524289	-56.789200	-56.580062
-23.90	-55.598764	-56.748126	-56.372258
-23.80	-55.812007	-56.707499	-56.221242
-23.70	-56.042021	-56.625588	-56.071376
-23.60	-56.414810	-56.495920	-55.901625
-23.50	-56.641321	-56.271586	-56.118207
-23.40	-56.683065	-56.095020	-56.248733
-23.30	-56.472285	-56.070979	-56.628149
-23.20	-56.508154	-56.184494	-56.914257
-23.10	-56.527369	-56.368762	-57.091898
-23.00	-56.824190	-56.455786	-57.158906
-22.90	-57.074613	-56.405379	-57.158513
-22.80	-57.234193	-56.180464	-57.072243
-22.70	-57.304534	-56.203235	-56.918112
-22.60	-57.314548	-56.242969	-56.691444
-22.50	-57.251135	-56.595817	-56.678468
-22.40	-57.068779	-56.822960	-56.699231
-22.30	-56.977389	-56.959852	-56.922831
-22.20	-56.988634	-57.027303	-57.087868
-22.10	-57.197427	-57.057123	-57.188206
-22.00	-57.429938	-57.037968	-57.229990
-21.90	-57.576468	-57.028263	-57.240998
-21.80	-57.673357	-57.002938	-57.239138
-21.70	-57.740044	-56.989354	-57.225188
-21.60	-57.776286	-56.971508	-57.197394
-21.50	-57.769579	-56.959532	-57.145656
-21.40	-57.734623	-56.924856	-57.112586
-21.30	-57.705193	-56.903675	-57.072029
-21.20	-57.679402	-56.898104	-57.034577
-21.10	-57.651451	-56.882517	-56.987266
-21.00	-57.627069	-56.851522	-56.951224
-20.90	-57.605635	-56.822388	-56.902749
-20.80	-57.590667	-56.775837	-56.832012
-20.70	-57.554776	-56.735699	-56.741215
-20.60	-57.523623	-56.705227	-56.636202
-20.50	-57.488595	-56.685740	-56.440391
-20.40	-57.459975	-56.665548	-56.093878
-20.30	-57.422673	-56.622315	-55.998243
-20.20	-57.382510	-56.540862	-55.883444
-20.10	-57.349271	-56.462058	-56.053444
-20.00	-57.311707	-56.364974	-56.020620
-19.90	-57.258856	-56.192407	-55.684364
-19.80	-57.177304	-55.919073	-55.456735
-19.70	-56.990693	-55.574192	-55.349096
-19.60	-56.545426	-55.293957	-55.518972
-19.50	-56.162640	-55.323386	-56.025918
-19.40	-56.153142	-55.369531	-56.379735
-19.30	-56.417226	-55.703702	-56.907388
-19.20	-56.981570	-55.976058	-57.216575
-19.10	-57.363437	-56.347323	-57.407567
-19.00	-57.595153	-56.665329	-57.527816
-18.90	-57.688312	-56.830771	-57.587365
-18.80	-57.732632	-56.830606	-57.610419
-18.70	-57.735719	-56.603556	-57.608499
-18.60	-57.723481	-56.473790	-57.595122
-18.50	-57.706758	-56.193805	-57.544392
-18.40	-57.685951	-56.407777	-57.459203
-18.30	-57.634987	-56.657315	-57.267144
-18.20	-57.533971	-57.111709	-57.055597
-18.10	-57.270769	-57.467805	-57.057403
-18.00	-57.139394	-57.683105	-57.159747
-17.90	-57.136318	-57.791930	-57.390932
-17.80	-57.334831	-57.838697	-57.560208
-17.70	-57.591699	-57.841675	-57.631250
-17.60	-57.759392	-57.813604	-57.625743
-17.50	-57.828293	-57.793442	-57.584348
-17.40	-57.856082	-57.775926	-57.483403
-17.30	-57.849670	-57.739788	-57.386149
-17.20	-57.832121	-57.681834	-57.228032
-17.10	-57.819308	-57.629390	-56.944470
-17.00	-57.797589	-57.556247	-56.620863
-16.90	-57.778535	-57.493095	-56.328822
-16.80	-57.765002	-57.454711	-56.375259
-16.70	-57.728872	-57.427435	-56.617007
-16.60	-57.690629	-57.380322	-57.007365
-16.50	-57.620968	-57.305471	-57.289818
-16.40	-57.557828	-57.230759	-57.432211
-16.30	-57.493501	-57.078895	-57.496319
-16.20	-57.399389	-56.758614	-57.465887
-16.10	-57.276668	-56.732784	-57.381328
-16.00	-57.035194	-56.707350	-57.176946
-15.90	-56.865335	-56.997360	-56.796103
-15.80	-56.845160	-57.226502	-56.476474
-15.70	-56.974017	-57.367315	-56.415310
-15.60	-57.158570	-57.418533	-56.731776
-15.50	-57.246307	-57.442658	-57.190411
-15.40	-57.203156	-57.416305	-57.580739
-15.30	-56.933089	-57.381299	-57.821798
-15.20	-56.772722	-57.347204	-57.923078
-15.10	-56.683741	-57.328874	-57.962215
-15.00	-56.810961	-57.303109	-57.972968
-14.90	-56.764558	-57.278910	-57.913816
-14.80	-56.815898	-57.220182	-57.860506
-14.70	-56.816098	-57.165220	-57.790645
-14.60	-57.025729	-57.138290	-57.707358
-14.50	-57.249275	-57.102533	-57.628943
-14.40	-57.385086	-57.086248	-57.569608
-14.30	-57.454144	-57.089203	-57.493277
-14.20	-57.441098	-57.090674	-57.389885
-14.10	-57.394993	-57.091923	-57.239520
-14.00	-57.324801	-57.103669	-56.944921
-13.90	-57.219013	-57.099200	-56.620125
-13.80	-57.014302	-57.112986	-56.485357
-13.70	-56.492301	-57.135264	-56.289538
-13.60	-56.187125	-57.152711	-56.450584
-13.50	-56.154432	-57.126683	-56.612479
-13.40	-56.505041	-57.108661	-56.914609
-13.30	-57.069495	-57.097564	-57.210577
-13.20	-57.476475	-57.069711	-57.392166
-13.10	-57.678532	-57.023107	-57.450867
-13.00	-57.752552	-56.989693	-57.451909
-12.90	-57.778438	-56.950141	-57.411543
-12.80	-57.779841	-56.924704	-57.383409
-12.70	-57.757927	-56.909440	-57.344597
-12.60	-57.730403	-56.892495	-57.287753
-12.50	-57.697743	-56.878163	-57.221579
-12.40	-57.645403	-56.841805	-57.097035
-12.30	-57.588668	-56.805218	-56.907444
-12.20	-57.509868	-56.802794	-56.552381
-12.10	-57.402891	-56.820997	-56.376947
-12.00	-57.159369	-56.845115	-56.220355
-11.90	-56.920906	-56.867735	-56.228803
-11.80	-56.851244	-56.870780	-56.227534
-11.70	-56.927518	-56.884969	-56.304757
-11.60	-57.100053	-56.896744	-56.442406
-11.50	-57.109507	-56.921029	-56.704930
-11.40	-56.900171	-56.949865	-56.868992
-11.30	-56.906881	-56.996686	-56.952434
-11.20	-56.885159	-57.017338	-56.948434
-11.10	-57.118509	-57.023970	-56.851065
-11.00	-57.302041	-57.017223	-56.539496
-10.90	-57.405600	-56.999505	-56.443826
-10.80	-57.450486	-56.973268	-56.363676
-10.70	-57.448533	-56.924832	-56.429682
-10.60	-57.403717	-56.886916	-56.414806
-10.50	-57.371866	-56.860052	-56.584964
-10.40	-57.340642	-56.824280	-56.673036
-10.30	-57.306464	-56.785480	-56.968089
-10.20	-57.271562	-56.753930	-57.156268
-10.10	-57.241055	-56.738021	-57.264540
-10.00	-57.211244	-56.717638	-57.307499
-9.90	-57.175949	-56.691940	-57.282731
-9.80	-57.129860	-56.664986	-57.238796
-9.70	-57.067079	-56.617952	-57.177857
-9.60	-57.002732	-56.570226	-57.081525
-9.50	-56.952495	-56.489361	-56.996741
-9.40	-56.893825	-56.342568	-56.915296
-9.30	-56.827570	-56.077471	-56.845634
-9.20	-56.773215	-55.711988	-56.776703
-9.10	-56.718179	-55.387068	-56.695399
-9.00	-56.662494	-55.517040	-56.570483
-8.90	-56.619656	-55.790870	-56.338984
-8.80	-56.574965	-56.281137	-56.079937
-8.70	-56.546200	-56.621505	-55.968270
-8.60	-56.512048	-56.816526	-55.936833
-8.50	-56.468983	-56.911876	-55.969087
-8.40	-56.440421	-56.918399	-55.692817
-8.30	-56.407893	-56.867695	-55.545521
-8.20	-56.367475	-56.743952	-55.297053
-8.10	-56.323294	-56.546115	-55.507435
-8.00	-56.266331	-56.559594	-55.693903
-7.90	-56.141652	-56.577871	-55.943565
-7.80	-55.917557	-56.832442	-56.041692
-7.70	-55.475618	-57.006682	-56.158071
-7.60	-55.267898	-57.117931	-56.304139
-7.50	-55.255862	-57.178437	-56.436268
-7.40	-55.612892	-57.203405	-56.281891
-7.30	-56.061611	-57.222901	-56.227675
-7.20	-56.342754	-57.235432	-56.075924
-7.10	-56.460305	-57.222297	-56.392312
-7.00	-56.380820	-57.210717	-56.686857
-6.90	-56.201781	-57.188028	-57.019423
-6.80	-56.043346	-57.142474	-57.098644
-6.70	-56.022192	-57.135633	-57.030378
-6.60	-56.329743	-57.146646	-57.120935
-6.50	-56.686469	-57.145721	-57.227073
-6.40	-57.089100	-57.131265	-57.452890
-6.30	-57.370330	-57.091546	-57.417633
-6.20	-57.537029	-57.057500	-57.543274
-6.10	-57.610899	-57.029975	-57.579208
-6.00	-57.633270	-57.017469	-57.856732
-5.90	-57.630873	-57.004313	-58.071001
-5.80	-57.603272	-56.980562	-58.193618
-5.70	-57.564621	-56.950158	-58.245471
-5.60	-57.548349	-56.906055	-58.258146
-5.50	-57.522009	-56.891279	-58.249014
-5.40	-57.489928	-56.874696	-58.222612
-5.30	-57.464352	-56.858582	-58.170077
-5.20	-57.433898	-56.836934	-58.088294
-5.10	-57.399915	-56.785333	-57.971915
-5.00	-57.360942	-56.686729	-57.704256
-4.90	-57.312204	-56.461021	-57.602558
-4.80	-57.251404	-56.424182	-57.554960
-4.70	-57.198933	-56.443893	-57.735485
-4.60	-57.147768	-56.695384	-57.933514
-4.50	-57.083351	-56.903569	-58.064646
-4.40	-56.989046	-57.064235	-58.102845
-4.30	-56.833558	-57.171842	-58.084892
-4.20	-56.615240	-57.199107	-58.001834
-4.10	-56.222212	-57.217927	-57.757858
-4.00	-55.947370	-57.238488	-57.515665
-3.90	-55.566487	-57.253133	-57.483936
-3.80	-55.671885	-57.271549	-57.545874
-3.70	-55.574507	-57.282933	-57.797947
-3.60	-55.959476	-57.299096	-57.987606
-3.50	-56.261928	-57.323985	-58.067281
-3.40	-56.715448	-57.319223	-58.095256
-3.30	-57.089007	-57.314798	-58.079667
-3.20	-57.322748	-57.296974	-58.032990
-3.10	-57.453368	-57.266016	-57.996483
-3.00	-57.505208	-57.237336	-57.961246
-2.90	-57.536072	-57.188353	-57.895671
-2.80	-57.543621	-57.151704	-57.812288
-2.70	-57.544683	-57.081252	-57.653395
-2.60	-57.528986	-56.987215	-57.397802
-2.50	-57.513585	-56.851789	-57.336066
-2.40	-57.499902	-56.682542	-57.367713
-2.30	-57.481498	-56.488131	-57.571457
-2.20	-57.462354	-56.195119	-57.684636
-2.10	-57.440116	-55.816490	-57.718089
-2.00	-57.407479	-55.408869	-57.688216
-1.90	-57.373970	-55.007294	-57.590934
-1.80	-57.322631	-55.198593	-57.373655
-1.70	-57.205218	-55.476200	-57.079092
-1.60	-57.000304	-56.128418	-57.030921
-1.50	-56.656677	-56.579462	-57.011883
-1.40	-56.516673	-56.821037	-57.276525
-1.30	-56.247512	-56.835457	-57.447182
-1.20	-56.465953	-56.648540	-57.533277
-1.10	-56.639441	-56.470210	-57.513220
-1.00	-56.971022	-56.435651	-57.375742
-0.90	-57.231169	-56.550755	-57.096386
-0.80	-57.377322	-56.773475	-56.627211
-0.70	-57.476288	-56.927741	-56.472597
-0.60	-57.541150	-56.991992	-56.536943
-0.50	-57.579510	-56.980565	-56.998972
-0.40	-57.591659	-56.932465	-57.446312
-0.30	-57.596891	-56.775130	-57.758957
-0.20	-57.588200	-56.506565	-57.939445
-0.10	-57.583470	-56.456765	-58.031596
0.00	-57.577396	-56.352186	-58.071029
0.10	-57.591217	-56.393796	-58.082729
0.20	-57.580102	-56.588053	-58.081886
0.30	-57.553851	-56.705677	-58.088956
0.40	-57.526962	-57.102205	-58.096689
0.50	-57.493862	-57.366662	-58.079593
0.60	-57.461526	-57.531636	-58.061660
0.70	-57.440339	-57.590494	-58.036290
0.80	-57.430620	-57.593872	-58.004160
0.90	-57.394337	-57.544998	-57.981259
1.00	-57.357462	-57.324708	-57.948733
1.10	-57.318286	-57.222758	-57.891552
1.20	-57.277404	-57.211639	-57.843545
1.30	-57.223748	-57.439045	-57.764785
1.40	-57.182554	-57.708333	-57.635237
1.50	-57.140254	-57.869446	-57.346400
1.60	-57.067062	-57.947725	-57.301625
1.70	-56.965181	-57.968036	-57.290195
1.80	-56.771530	-57.987347	-57.536900
1.90	-56.502937	-57.966758	-57.749778
2.00	-56.473967	-57.912519	-57.886853
2.10	-56.506835	-57.884948	-57.974249
2.20	-56.753951	-57.865355	-58.021704
2.30	-56.945737	-57.829554	-58.060009
2.40	-57.057402	-57.782687	-58.074008
2.50	-57.118784	-57.729793	-58.082705
2.60	-57.101562	-57.691283	-58.074116
2.70	-57.053593	-57.650989	-58.062187
2.80	-57.025132	-57.593896	-58.048681
2.90	-56.997264	-57.527268	-58.028272
3.00	-56.954533	-57.433510	-58.009787
3.10	-56.890365	-57.249430	-58.007959
3.20	-56.816871	-57.103602	-57.997305
3.30	-56.748441	-57.068508	-57.964326
3.40	-56.675764	-57.164699	-57.933089
3.50	-56.562816	-57.349048	-57.907545
3.60	-56.394626	-57.486574	-57.869240
3.70	-56.059429	-57.589688	-57.793190
3.80	-56.044679	-57.663997	-57.661346
3.90	-56.013675	-57.673209	-57.444488
4.00	-56.286395	-57.589506	-57.204470
4.10	-56.484195	-57.430008	-56.926007
4.20	-56.570153	-57.241426	-56.578676
4.30	-56.461061	-57.025790	-56.187772
4.40	-56.203978	-56.789461	-55.761908
4.50	-56.056466	-56.481262	-55.270093
4.60	-55.898213	-56.131604	-54.554474
4.70	-55.951522	-55.564864	-53.510912
4.80	-55.784198	-54.824811	-52.192028
4.90	-55.365784	-53.867760	-50.517346
5.00	-54.859552	-52.849515	-48.545793
5.10	-54.444601	-51.676123	-46.223917
5.20	-53.973872	-50.474920	-42.757406
5.30	-53.369868	-48.709966	-39.416007
5.40	-52.431563	-46.288014	-35.575203
5.50	-51.162260	-42.239412	-32.379731
5.60	-49.381277	-37.159623	-30.084164
5.70	-46.675575	-32.233132	-32.186941
5.80	-43.302248	-28.808485	-36.723686
5.90	-38.656663	-29.940090	-43.786012
6.00	-33.766392	-34.626105	-50.919756
6.10	-29.555084	-42.043818	-55.945117
6.20	-29.494933	-49.431442	-59.168165
6.30	-33.449442	-54.514578	-60.711557
6.40	-40.419358	-57.976070	-61.212497
6.50	-48.015447	-59.682955	-61.273646
6.60	-53.957061	-60.394967	-61.016091
6.70	-57.569221	-60.733100	-60.503077
6.80	-59.627437	-60.714627	-59.787255
6.90	-60.366566	-60.660086	-58.971538
7.00	-60.395081	-60.478352	-58.107985
7.10	-59.964832	-60.185221	-57.281058
7.20	-59.530530	-59.808528	-56.466923
7.30	-59.020218	-59.282087	-55.630269
7.40	-58.894280	-58.659239	-54.761280
7.50	-58.760124	-57.961706	-53.341291
7.60	-58.800602	-57.389177	-52.237593
7.70	-58.424465	-56.811268	-50.896742
7.80	-57.987531	-56.153586	-50.145853
7.90	-57.475597	-55.315331	-48.484449
8.00	-56.950828	-54.358442	-46.682963
8.10	-56.312837	-53.014074	-43.962797
8.20	-55.717074	-51.074032	-41.371075
8.30	-55.307379	-49.134898	-39.889502
8.40	-54.881475	-47.643754	-41.266313
8.50	-54.383389	-46.766752	-43.190913
8.60	-53.551393	-45.417274	-46.013719
8.70	-52.452501	-44.410686	-48.016385
8.80	-51.070680	-43.517023	-48.880027
8.90	-49.773774	-43.603762	-48.896908
9.00	-48.755814	-43.803779	-48.952942
9.10	-47.607483	-44.149511	-49.075921
9.20	-48.102234	-44.695308	-49.619245
9.30	-48.408322	-45.462864	-49.509451
9.40	-49.488649	-46.567118	-50.461395
9.50	-49.694333	-48.256536	-50.986343
9.60	-48.716162	-49.768871	-51.619149
9.70	-47.613876	-50.989867	-52.164022
9.80	-46.586524	-52.194330	-52.234894
9.90	-47.143300	-52.834841	-52.018576
10.00	-48.020491	-53.453079	-51.459231
10.10	-48.715171	-54.044804	-50.500834
10.20	-49.056873	-54.211848	-49.713415
10.30	-48.850648	-54.005494	-49.054367
10.40	-48.544665	-53.147013	-48.266326
10.50	-49.053914	-52.109909	-46.890023
10.60	-49.695599	-51.106337	-45.569773
10.70	-50.970150	-50.498227	-44.740016
10.80	-52.372284	-50.228032	-44.990253
10.90	-53.209602	-50.025604	-45.393256
11.00	-53.858311	-49.799928	-45.402216
11.10	-53.975571	-49.258696	-45.315837
11.20	-53.773890	-48.465370	-44.781900
11.30	-53.438253	-48.142312	-45.557355
11.40	-53.162978	-48.040623	-46.157545
11.50	-52.399377	-48.734599	-47.115076
11.60	-52.295133	-48.654409	-48.473588
11.70	-52.093098	-48.874560	-49.388668
11.80	-52.062288	-48.474413	-50.312360
11.90	-52.034999	-48.896915	-51.137738
12.00	-52.087271	-49.309335	-51.517815
12.10	-51.967587	-49.697283	-52.304119
12.20	-51.591283	-49.650540	-52.859171
12.30	-51.076489	-49.205401	-53.004733
12.40	-50.123696	-48.547875	-53.165001
12.50	-49.564123	-48.185900	-52.378790
12.60	-48.777709	-48.289671	-51.945395
12.70	-48.691893	-48.387225	-51.024139
12.80	-48.641750	-48.919715	-50.150610
12.90	-48.804388	-49.567118	-48.603393
13.00	-49.125782	-50.277216	-47.711681
13.10	-49.403132	-51.182931	-47.591434
13.20	-49.940010	-52.089174	-47.989674
13.30	-50.286008	-52.505360	-49.219479
13.40	-50.067485	-52.253297	-49.942092
13.50	-49.417916	-51.538950	-50.317618
13.60	-49.303761	-50.895661	-49.907301
13.70	-48.979930	-50.476868	-48.381520
13.80	-49.078274	-50.795504	-46.815545
13.90	-49.106304	-51.196596	-45.786183
14.00	-48.688691	-51.553719	-45.584021
14.10	-49.013619	-52.039872	-46.637748
14.20	-50.101641	-51.640490	-47.366213
14.30	-51.692739	-51.376937	-47.478133
14.40	-53.393181	-51.058520	-47.924527
14.50	-54.232500	-51.090968	-47.826742
14.60	-53.902933	-51.127847	-48.614328
14.70	-54.171204	-51.093093	-48.719795
14.80	-54.030772	-51.013686	-48.346420
14.90	-54.440763	-50.721897	-48.602181
15.00	-54.931541	-50.581682	-49.189722
15.10	-54.919105	-50.244987	-50.014927
15.20	-54.522326	-49.684249	-50.555901
15.30	-53.849903	-48.091681	-50.787696
15.40	-52.817064	-47.252871	-50.595430
15.50	-51.943778	-46.204014	-50.888489
15.60	-51.319490	-46.134777	-51.398615
15.70	-51.117250	-47.203473	-51.713165
15.80	-51.109848	-48.537808	-52.484898
15.90	-51.495651	-50.437637	-53.126510
16.00	-51.438179	-51.582448	-53.293257
16.10	-51.659134	-52.161139	-52.652215
16.20	-51.270052	-52.192827	-51.272015
16.30	-50.230196	-52.475676	-49.448742
16.40	-49.332386	-52.643211	-48.002932
16.50	-48.470950	-52.738383	-47.275352
16.60	-48.474557	-52.155449	-47.353752
16.70	-48.985766	-51.184043	-48.322175
16.80	-49.896973	-50.904084	-49.195871
16.90	-50.256672	-50.388844	-49.782673
17.00	-50.562541	-50.463490	-49.792111
17.10	-50.452055	-50.318261	-49.279874
17.20	-50.993549	-49.638750	-49.231328
17.30	-51.411317	-49.629343	-48.974187
17.40	-51.466089	-49.530935	-48.683914
17.50	-51.378859	-50.201582	-48.413753
17.60	-51.121320	-50.209772	-47.733059
17.70	-51.351963	-50.767585	-47.638427
17.80	-51.695934	-50.718102	-47.565875
17.90	-52.058406	-51.073065	-48.148019
18.00	-52.389936	-51.710159	-48.942863
18.10	-52.073446	-51.919462	-50.111668
18.20	-52.060761	-51.565269	-51.209670
18.30	-51.776538	-50.514073	-52.176012
18.40	-51.711908	-49.732418	-52.713146
18.50	-51.352151	-48.979083	-52.495552
18.60	-50.687058	-49.269326	-52.288152
18.70	-49.755101	-49.200631	-51.965984
18.80	-48.787373	-50.181647	-52.328246
18.90	-48.627105	-50.551457	-52.610199
19.00	-48.840586	-51.623453	-52.673856
19.10	-49.743775	-51.567764	-51.911718
19.20	-51.042897	-51.596221	-50.336308
19.30	-51.950050	-50.641491	-49.246578
19.40	-52.882515	-51.184281	-47.592979
19.50	-53.248087	-51.693639	-46.662332
19.60	-53.573389	-52.490377	-46.276337
19.70	-53.733205	-53.153555	-47.058975
19.80	-53.504429	-52.780831	-47.682285
19.90	-53.354341	-52.499059	-49.263688
20.00	-52.875128	-51.359022	-50.641609
20.10	-52.485429	-50.711352	-51.743785
20.20	-52.045577	-50.081830	-52.486793
20.30	-51.238123	-49.910033	-52.657633
20.40	-51.035997	-49.815699	-52.393520
20.50	-50.708047	-49.961483	-51.478801
20.60	-50.998198	-49.692064	-50.180829
20.70	-51.022258	-49.908016	-49.103104
20.80	-50.597181	-49.836843	-48.267890
20.90	-50.474038	-50.345772	-47.661911
21.00	-50.409735	-50.437914	-46.922386
21.10	-50.692453	-50.251998	-46.753170
21.20	-51.041910	-49.887742	-47.320871
21.30	-50.719172	-49.546494	-48.958268
21.40	-50.646110	-49.753650	-50.838289
21.50	-50.413423	-50.378713	-52.555045
21.60	-50.950915	-51.231388	-53.386566
21.70	-51.158004	-51.627711	-53.726620
21.80	-52.094752	-51.667696	-53.273322
21.90	-52.558551	-51.958691	-52.588371
22.00	-53.008950	-52.256694	-51.721099
22.10	-52.728538	-52.518013	-50.896646
22.20	-51.937674	-51.629825	-50.143036
22.30	-50.589184	-50.876943	-48.909098
22.40	-49.283051	-50.119588	-47.342148
22.50	-48.151105	-50.806343	-45.691939
22.60	-47.326107	-51.406246	-45.624494
22.70	-48.119466	-52.136316	-46.668000
22.80	-49.320780	-52.181092	-48.521440
22.90	-50.910807	-51.967378	-50.246321
23.00	-52.097070	-50.834392	-50.698162
23.10	-52.292886	-50.908762	-50.588924
23.20	-52.732728	-50.602352	-50.267742
23.30	-52.607641	-50.739008	-49.997763
23.40	-53.064023	-50.859904	-50.595249
23.50	-53.346979	-50.436474	-50.794858
23.60	-53.391031	-50.588483	-51.409416
23.70	-53.252190	-50.851828	-51.724854
23.80	-52.885668	-50.523919	-51.979280
23.90	-51.800457	-50.177582	-51.854825
24.00	-51.463401	-50.004591	-51.787554
24.10	-51.715970	-49.158115	-51.274030
24.20	-52.444620	-49.217989	-50.815584
24.30	-53.426666	-48.526545	-50.176479
24.40	-54.026882	-49.003074	-49.182802
24.50	-53.548610	-49.546759	-48.966656
24.60	-53.050754	-50.319385	-48.781157
24.70	-52.709503	-50.594965	-49.390354
24.80	-52.443545	-50.403586	-49.750560
24.90	-52.204471	-50.074057	-49.238873
25.00	-51.946690	-50.329391	-49.113925
25.10	-50.903740	-50.629084	-48.462316
25.20	-49.417227	-51.209904	-48.221529
25.30	-48.354061	-51.369500	-48.295771
25.40	-47.274750	-51.775952	-48.301597
25.50	-46.654718	-51.618139	-47.974537
25.60	-46.836338	-52.153619	-47.780471
25.70	-47.492168	-52.454136	-48.254939
25.80	-48.712304	-52.918382	-48.491447
25.90	-50.214742	-52.877853	-49.308370
26.00	-50.917243	-52.579866	-49.908581
26.10	-51.471661	-51.852767	-50.487647
26.20	-51.491675	-51.305544	-50.985000
26.30	-51.145519	-51.427652	-50.961012
26.40	-51.286536	-51.554435	-50.704336
26.50	-51.487079	-51.816241	-50.829115
26.60	-52.332797	-52.035705	-50.640557
26.70	-53.122564	-51.873498	-50.608671
26.80	-53.270423	-51.228539	-50.861995
26.90	-53.509183	-50.609474	-51.242595
27.00	-53.350985	-50.024588	-51.463012
27.10	-53.717776	-50.282292	-52.116986
27.20	-53.959750	-50.748437	-52.443790
27.30	-54.536431	-51.483814	-52.368390
27.40	-54.699497	-51.441558	-51.470325
27.50	-54.487009	-50.956219	-50.667503
27.60	-53.891908	-49.815458	-50.334349
27.70	-52.829529	-49.093360	-50.790416
27.80	-52.090140	-48.147779	-51.412751
27.90	-51.222851	-47.951140	-51.687687
28.00	-50.309876	-48.500459	-51.125859
28.10	-49.018453	-49.148290	-50.108281
28.20	-48.550705	-50.214885	-49.252453
28.30	-48.829266	-50.930396	-49.049853
28.40	-50.153385	-51.083264	-49.207339
28.50	-51.759568	-51.070179	-49.918673
28.60	-52.781474	-50.514985	-50.906140
28.70	-53.451154	-50.396138	-51.623777
28.80	-53.114532	-49.835257	-52.414935
28.90	-52.801604	-48.996139	-52.710889
29.00	-52.075756	-48.709109	-53.026026
29.10	-51.944248	-48.676974	-53.026127
29.20	-51.454917	-50.000515	-52.464462
29.30	-51.175900	-51.461317	-51.597763
29.40	-50.723356	-52.236238	-50.166975
29.50	-50.709222	-51.694129	-49.777421
29.60	-50.439390	-51.260902	-49.514243
29.70	-50.006735	-51.331622	-49.534797
29.80	-50.377640	-51.981234	-49.284233
29.90	-50.532726	-52.664675	-48.582331
30.00	-51.254724	-52.446372	-48.232301
30.10	-51.357467	-52.175189	-48.100266
30.20	-50.705629	-52.241760	-47.980427
30.30	-50.470190	-52.512798	-48.287369
30.40	-50.478860	-52.884087	-49.010650
30.50	-51.362314	-52.636944	-49.711775
30.60	-52.900775	-51.755223	-50.193599
30.70	-54.230984	-51.206959	-49.990824
30.80	-55.392102	-51.115343	-49.433577
30.90	-56.058367	-51.520513	-49.056444
31.00	-56.311634	-51.822947	-49.545459
31.10	-56.000504	-50.917440	-50.359716
31.20	-54.912602	-49.431635	-50.847344
31.30	-53.422457	-49.088166	-51.437211
31.40	-53.004623	-49.244111	-51.358892
31.50	-52.721680	-50.351132	-51.123215
31.60	-53.299645	-50.957322	-50.988938
31.70	-53.565649	-50.468779	-51.425987
31.80	-53.571659	-49.708332	-51.848737
31.90	-53.177278	-49.362299	-51.680285
32.00	-52.536643	-49.797345	-50.860628
32.10	-52.185651	-50.514082	-49.862783
32.20	-51.794336	-51.689101	-49.051658
32.30	-51.579084	-52.188632	-49.413142
32.40	-51.505974	-52.608349	-49.882643
32.50	-51.320895	-52.388443	-50.637545
32.60	-51.491121	-52.205842	-50.883877
32.70	-52.162408	-51.875902	-50.027155
32.80	-52.881089	-51.370962	-49.027757
32.90	-53.240859	-50.704654	-47.743401
33.00	-53.329700	-50.906968	-47.689358
33.10	-53.111903	-50.767984	-48.777712
33.20	-52.861464	-51.587751	-50.037172
33.30	-52.574212	-51.821994	-51.154389
33.40	-51.993689	-51.891470	-51.898795
33.50	-51.136566	-51.936227	-52.058242
33.60	-49.790034	-51.410799	-52.445023
33.70	-49.320854	-51.444420	-52.593224
33.80	-49.361098	-50.676884	-52.171069
33.90	-49.699158	-49.726497	-51.543890
34.00	-50.632163	-47.766134	-50.948988
34.10	-51.157578	-46.325095	-50.496935
34.20	-51.656278	-45.975773	-50.813747
34.30	-51.773106	-47.354551	-51.022047
34.40	-51.376434	-49.608256	-51.375957
34.50	-51.494513	-51.589874	-51.228146
34.60	-51.083938	-53.028115	-50.115246
34.70	-51.010821	-53.261156	-49.751376
34.80	-50.424494	-53.304933	-49.376121
34.90	-49.438491	-53.098006	-49.356012
35.00	-49.292523	-52.833990	-48.602058
35.10	-49.157413	-52.482408	-48.099329
35.20	-49.679206	-52.642507	-46.926190
35.30	-50.528402	-52.632777	-47.070755
35.40	-51.674316	-52.866027	-47.966546
35.50	-52.569078	-53.091600	-48.608671
35.60	-53.062424	-53.221012	-50.052135
35.70	-53.496077	-52.676468	-50.651061
35.80	-53.508721	-51.757825	-51.550963
35.90	-53.833009	-51.195811	-51.828506
36.00	-53.782859	-50.981388	-51.488760
36.10	-53.118743	-50.681487	-50.772758
36.20	-53.094256	-49.697446	-49.704817
36.30	-53.166973	-48.915401	-49.539793
36.40	-53.801018	-47.849506	-49.339093
36.50	-54.557989	-48.066219	-49.265601
36.60	-54.536860	-48.528539	-49.107215
36.70	-54.764646	-49.470487	-48.455878
36.80	-54.601423	-50.152511	-48.263314
36.90	-54.449488	-50.771542	-48.626079
37.00	-54.061724	-50.976588	-49.489019
37.10	-53.054194	-51.074072	-50.482083
37.20	-51.947363	-50.684153	-51.593662
37.30	-50.996127	-50.713925	-52.008599
37.40	-50.322938	-50.409326	-51.954416
37.50	-49.246328	-50.302934	-52.113016
37.60	-48.327416	-50.161156	-52.265174
37.70	-47.839845	-50.094193	-53.055999
37.80	-47.742036	-50.536238	-53.470365
37.90	-48.346584	-51.399821	-53.663089
38.00	-48.755925	-52.230347	-53.276206
38.10	-48.759188	-52.600169	-52.451157
38.20	-49.515402	-52.584297	-51.782731
38.30	-50.517712	-52.319058	-51.262600
38.40	-51.684740	-52.159177	-50.878714
38.50	-52.375800	-51.994123	-51.276160
38.60	-52.094418	-51.555808	-51.528548
38.70	-51.787929	-51.255876	-52.091579
38.80	-51.628088	-50.692158	-51.938700
38.90	-51.605883	-49.801798	-51.095577
39.00	-51.283110	-49.079699	-49.827857
39.10	-51.034000	-48.873692	-48.078341
39.20	-50.578068	-49.071353	-47.671515
39.30	-50.426504	-49.225513	-46.969981
39.40	-50.708931	-49.839259	-48.008003
39.50	-51.179857	-49.557940	-49.063008
39.60	-51.056188	-50.019781	-50.254797
39.70	-51.008511	-49.799300	-51.105781
39.80	-50.960462	-49.899873	-51.176780
39.90	-51.513257	-50.627633	-51.188230
40.00	-52.439603	-51.380624	-51.132724
40.10	-53.644606	-52.566176	-50.998402
40.20	-54.431257	-53.289754	-50.796821
40.30	-54.917645	-53.668129	-50.693120
40.40	-54.589828	-53.606560	-49.862835
40.50	-54.498334	-53.094692	-50.155419
40.60	-54.036633	-52.214602	-49.701609
40.70	-53.967840	-50.913976	-50.338739
40.80	-53.787971	-49.626680	-50.346593
40.90	-53.416429	-49.066311	-50.440800
41.00	-53.269751	-49.400736	-50.739126
41.10	-53.221961	-49.834756	-50.378026
41.20	-53.084796	-50.480677	-50.828374
41.30	-53.045249	-50.694478	-51.385627
41.40	-52.888018	-51.061579	-52.177062
41.50	-52.076014	-51.614238	-52.692203
41.60	-51.341631	-52.273621	-53.036921
41.70	-50.470448	-53.037067	-52.667597
41.80	-50.051131	-53.420125	-52.272812
41.90	-50.106848	-53.770023	-50.970540
42.00	-50.026142	-53.940178	-49.733731
42.10	-49.688150	-53.838236	-48.643186
42.20	-48.296446	-53.887879	-48.801355
42.30	-47.547210	-53.421208	-49.416729
42.40	-47.589275	-52.832385	-50.440099
42.50	-48.818884	-51.646443	-50.679299
42.60	-50.700285	-50.204442	-50.195656
42.70	-52.734094	-49.115028	-50.380080
42.80	-54.106584	-48.207203	-49.913068
42.90	-55.134866	-48.317529	-50.624318
43.00	-55.276298	-48.999472	-50.767649
43.10	-54.977500	-49.774877	-51.205778
43.20	-54.033248	-50.651262	-51.427385
43.30	-53.593171	-51.431964	-51.714258
43.40	-52.240355	-51.623524	-51.500772
43.50	-50.900847	-51.435947	-51.291444
43.60	-49.732931	-50.245510	-50.281215
43.70	-48.737683	-48.824419	-49.224495
43.80	-49.584002	-48.121150	-48.683440
43.90	-50.782989	-47.825309	-48.391173
44.00	-52.094889	-48.692749	-49.678071
44.10	-53.037188	-49.378145	-50.534503
44.20	-53.119293	-50.425332	-50.479723
44.30	-53.228339	-50.941627	-49.518684
44.40	-53.285801	-50.742594	-49.592660
44.50	-52.829147	-50.650965	-49.369223
44.60	-52.997439	-51.282236	-50.148669
44.70	-52.764428	-52.316508	-51.074995
44.80	-52.944836	-53.844687	-51.789382
44.90	-53.259060	-54.221127	-52.475960
45.00	-53.013687	-53.817588	-52.694347
45.10	-52.863862	-52.560204	-52.236203
45.20	-52.932085	-52.053856	-51.556063
45.30	-53.037963	-51.429830	-51.301453
45.40	-53.570873	-51.465305	-51.421117
45.50	-53.746860	-51.555096	-51.637129
45.60	-53.129590	-50.835079	-51.527178
45.70	-52.425170	-49.842645	-51.435130
45.80	-50.838133	-49.275516	-51.028127
45.90	-49.543560	-49.143592	-50.839619
46.00	-49.326655	-49.007074	-50.793962
46.10	-50.136769	-48.605172	-50.534806
46.20	-51.285925	-48.430993	-50.356870
46.30	-52.096655	-48.347643	-50.195574
46.40	-51.491206	-48.781059	-49.641149
46.50	-51.431980	-49.651690	-49.669918
46.60	-51.600312	-50.145357	-49.696300
46.70	-52.419386	-51.346872	-49.437140
46.80	-53.096342	-51.842113	-48.427419
46.90	-53.344529	-52.353321	-47.782620
47.00	-52.729042	-52.768101	-46.924148
47.10	-52.247853	-52.869531	-47.681493
47.20	-51.468086	-52.919320	-48.526333
47.30	-50.562164	-52.651656	-50.078819
47.40	-50.250051	-52.451416	-50.958863
47.50	-49.477697	-52.573253	-51.450609
47.60	-48.433770	-52.585490	-51.442552
47.70	-47.733928	-52.795498	-51.731092
47.80	-47.689847	-52.688732	-52.410968
47.90	-48.212878	-52.663214	-53.234316
48.00	-49.534783	-52.092764	-53.748514
48.10	-50.782086	-51.577906	-54.268048
48.20	-51.890706	-50.510969	-54.695095
48.30	-52.417265	-50.494289	-54.896091
48.40	-52.766367	-50.667608	-54.867781
48.50	-52.685018	-51.081913	-54.572133
48.60	-51.883766	-51.314742	-53.683690
48.70	-51.419616	-50.882580	-52.778203
48.80	-51.406717	-49.529387	-51.769297
48.90	-51.438016	-48.694002	-51.153219
49.00	-52.480011	-48.902781	-50.550232
49.10	-53.092714	-49.986404	-50.168779
49.20	-53.910658	-51.387631	-49.851729
49.30	-54.357359	-52.223567	-49.395452
49.40	-54.029147	-51.965070	-49.333403
49.50	-53.789357	-51.243718	-48.973897
49.60	-53.375315	-50.835767	-49.237260
49.70	-53.704184	-50.508478	-48.958041
49.80	-54.130494	-50.569664	-48.955049
49.90	-54.060194	-50.582418	-48.976628
50.00	-53.774146	-50.977874	-48.794288
50.10	-53.390794	-51.502933	-48.580536
50.20	-52.907068	-52.049229	-48.670662
50.30	-52.852281	-52.037457	-48.378788
50.40	-52.935875	-51.652915	-47.871502
50.50	-52.976248	-50.618839	-47.294821
50.60	-52.869098	-50.191983	-48.036839
50.70	-52.318441	-50.314661	-48.455905
50.80	-51.110759	-50.549303	-50.263981
50.90	-50.102923	-51.125607	-51.522074
51.00	-49.334366	-51.639620	-52.855301
51.10	-48.902656	-51.890801	-53.595845
51.20	-48.653500	-51.922588	-54.353037
51.30	-48.904166	-51.927103	-54.384427
51.40	-49.513375	-51.644355	-54.541997
51.50	-50.050751	-51.553935	-54.405764
51.60	-51.487137	-51.970508	-54.435912
51.70	-52.816885	-52.713029	-54.161227
51.80	-54.130093	-53.555127	-53.295664
51.90	-55.113015	-53.918716	-51.880143
52.00	-55.287790	-53.975532	-50.977692
52.10	-55.120613	-53.655190	-50.173788
52.20	-54.382407	-53.328934	-50.097175
52.30	-53.686935	-53.026086	-49.724106
52.40	-52.611557	-51.802721	-49.677987
52.50	-51.984001	-51.114319	-49.882930
52.60	-51.002799	-49.708220	-50.060336
52.70	-51.515458	-49.506540	-49.571625
52.80	-52.043328	-49.341091	-49.052874
52.90	-53.182468	-49.842905	-48.360891
53.00	-53.600427	-50.403079	-48.791700
53.10	-53.544728	-51.201520	-49.297219
53.20	-53.129619	-51.427513	-49.919758
53.30	-52.217219	-51.411902	-50.237531
53.40	-51.942952	-51.132744	-50.612249
53.50	-51.460888	-50.529526	-50.191614
53.60	-51.792604	-50.781935	-48.514203
53.70	-52.145061	-50.795904	-47.698044
53.80	-52.178269	-50.585766	-47.086903
53.90	-51.888027	-50.138945	-48.039499
54.00	-50.890144	-49.173865	-49.527885
54.10	-49.594471	-49.313402	-50.541642
54.20	-49.916844	-50.316938	-51.349282
54.30	-50.226564	-51.495910	-52.357632
54.40	-51.061048	-52.962970	-52.843336
54.50	-51.598730	-53.486467	-52.729150
54.60	-51.773675	-53.437676	-52.145778
54.70	-51.272496	-53.287614	-52.035822
54.80	-51.064791	-52.840063	-51.887469
54.90	-51.171051	-53.272697	-52.678776
55.00	-51.606254	-54.062563	-53.051081
55.10	-52.689932	-54.907077	-53.427086
55.20	-53.590038	-55.346419	-53.467622
55.30	-54.258036	-55.660004	-53.274418
55.40	-54.980424	-55.241380	-52.668120
55.50	-55.267236	-54.790024	-52.458981
55.60	-55.066374	-54.302394	-52.614799
55.70	-54.737849	-54.217731	-53.351596
55.80	-54.690102	-54.482182	-54.191982
55.90	-54.659793	-54.760788	-54.913183
56.00	-55.096054	-55.210323	-55.256491
56.10	-55.239390	-55.226335	-55.440602
56.20	-55.681707	-55.115223	-55.062562
56.30	-56.197886	-54.648903	-54.096325
56.40	-56.847250	-54.659185	-53.370686
56.50	-57.177714	-54.595797	-52.734879
56.60	-57.452027	-54.984781	-52.604282
56.70	-57.251598	-55.308940	-52.004498
56.80	-57.246822	-55.231566	-51.836494
56.90	-57.420113	-55.293439	-51.849166
57.00	-57.636246	-55.407412	-52.704802
57.10	-57.954984	-55.803874	-53.846590
57.20	-58.185969	-56.299385	-55.008716
57.30	-58.350027	-56.753933	-55.315721
57.40	-58.728277	-57.017788	-54.760504
57.50	-58.975847	-57.044116	-54.115878
57.60	-59.143000	-56.825551	-53.603563
57.70	-59.488070	-56.817548	-54.248362
57.80	-59.719367	-56.623576	-55.188536
57.90	-60.158541	-57.072607	-56.312156
58.00	-60.559496	-57.457110	-57.254681
58.10	-60.856012	-58.054706	-57.877371
58.20	-61.067390	-58.533288	-58.479384
58.30	-61.223311	-58.874388	-58.950139
58.40	-61.351965	-59.133288	-59.284055
58.50	-61.468864	-59.340527	-59.514769
58.60	-61.576984	-59.530583	-59.667338
58.70	-61.677335	-59.705464	-59.790579
58.80	-61.764981	-59.874855	-59.916606
58.90	-61.846758	-60.042878	-60.050518
59.00	-61.922316	-60.185496	-60.178328
59.10	-61.991469	-60.329180	-60.311394
59.20	-62.054156	-60.464997	-60.440093
59.30	-62.110466	-60.597899	-60.553018
59.40	-62.160531	-60.725844	-60.663846
59.50	-62.204585	-60.847461	-60.775418
59.60	-62.242906	-60.961883	-60.884794
59.70	-62.275787	-61.068594	-60.995805
59.80	-62.303532	-61.167400	-61.105445
59.90	-62.326461	-61.258293	-61.211599
60.00	-62.344897	-61.341415	-61.312793
60.10	-62.359162	-61.417001	-61.408063
60.20	-62.369562	-61.485376	-61.496829
60.30	-62.376385	-61.546876	-61.578770
60.40	-62.379911	-61.601879	-61.653802
60.50	-62.380402	-61.650774	-61.721997
60.60	-62.378108	-61.693940	-61.783518
60.70	-62.373265	-61.731758	-61.838604
60.80	-62.366087	-61.764600	-61.887556
60.90	-62.356779	-61.792816	-61.930689
61.00	-62.345533	-61.816744	-61.968355
61.10	-62.332525	-61.836698	-62.000885
61.20	-62.317921	-61.852979	-62.028608
61.30	-62.301876	-61.865874	-62.051863
61.40	-62.284533	-61.875649	-62.070969
61.50	-62.266025	-61.882552	-62.086234
61.60	-62.246475	-61.886816	-62.097953
61.70	-62.225999	-61.888656	-62.106395
61.80	-62.204701	-61.888272	-62.111815
61.90	-62.182680	-61.885854	-62.114453
62.00	-62.160027	-61.881578	-62.114540
62.10	-62.136829	-61.875607	-62.112291
62.20	-62.113163	-61.868096	-62.107904
62.30	-62.089103	-61.859185	-62.101563
62.40	-62.064716	-61.849004	-62.093440
62.50	-62.040064	-61.837674	-62.083695
62.60	-62.015205	-61.825310	-62.072479
62.70	-61.990191	-61.812017	-62.059930
62.80	-61.965072	-61.797891	-62.046180
62.90	-61.939890	-61.783025	-62.031347
63.00	-61.914689	-61.767501	-62.015544
63.10	-61.889509	-61.751398	-61.998871
63.20	-61.864383	-61.734788	-61.981426
63.30	-61.839344	-61.717741	-61.963295
63.40	-61.814423	-61.700318	-61.944559
63.50	-61.789645	-61.682575	-61.925295
63.60	-61.765035	-61.664568	-61.905575
63.70	-61.740618	-61.646346	-61.885466
63.80	-61.716414	-61.627954	-61.865030
63.90	-61.692441	-61.609436	-61.844323
64.00	-61.668717	-61.590832	-61.823398
64.10	-61.645257	-61.572178	-61.802305
64.20	-61.622076	-61.553505	-61.781088
64.30	-61.599187	-61.534845	-61.759788
64.40	-61.576601	-61.516225	-61.738443
64.50	-61.554330	-61.497670	-61.717088
64.60	-61.532384	-61.479205	-61.695754
64.70	-61.510769	-61.460850	-61.674473
64.80	-61.489494	-61.442626	-61.653270
64.90	-61.468562	-61.424551	-61.632173
65.00	-61.447977	-61.406641	-61.611205
65.10	-61.427742	-61.388911	-61.590387
65.20	-61.407862	-61.371373	-61.569740
65.30	-61.388338	-61.354042	-61.549282
65.40	-61.369171	-61.336929	-61.529028
65.50	-61.350361	-61.320043	-61.508993
65.60	-61.331910	-61.303392	-61.489190
65.70	-61.313816	-61.286984	-61.469628
65.80	-61.296078	-61.270824	-61.450318
65.90	-61.278697	-61.254918	-61.431269
66.00	-61.261669	-61.239271	-61.412488
66.10	-61.244993	-61.223888	-61.393984
66.20	-61.228668	-61.208770	-61.375763
66.30	-61.212691	-61.193922	-61.357830
66.40	-61.197060	-61.179342	-61.340189
66.50	-61.181772	-61.165034	-61.322843
66.60	-61.166823	-61.150998	-61.305795
66.70	-61.152209	-61.137234	-61.289046
66.80	-61.137924	-61.123743	-61.272600
66.90	-61.123965	-61.110524	-61.256500
67.00	-61.110328	-61.097577	-61.240736
67.10	-61.097007	-61.084899	-61.225296
67.20	-61.083998	-61.072490	-61.210173
67.30	-61.071297	-61.060347	-61.195362
67.40	-61.058897	-61.048468	-61.180858
67.50	-61.046795	-61.036851	-61.166655
67.60	-61.034986	-61.025494	-61.152749
67.70	-61.023463	-61.014393	-61.139137
67.80	-61.012224	-61.003547	-61.125816
67.90	-61.001261	-60.992951	-61.112782
68.00	-60.990571	-60.982603	-61.100030
68.10	-60.980148	-60.972498	-61.087559
68.20	-60.969987	-60.962633	-61.075363
68.30	-60.960084	-60.953005	-61.063440
68.40	-60.950434	-60.943610	-61.051787
68.50	-60.941031	-60.934445	-61.040401
68.60	-60.931871	-60.925504	-61.029276
68.70	-60.922949	-60.916786	-61.018411
68.80	-60.914259	-60.908285	-61.007800
68.90	-60.905794	-60.899996	-60.997440
69.00	-60.897551	-60.891917	-60.987327
69.10	-60.889524	-60.884042	-60.977458
69.20	-60.881709	-60.876370	-60.967829
69.30	-60.874099	-60.868895	-60.958435
69.40	-60.866691	-60.861614	-60.949272
69.50	-60.859479	-60.854523	-60.940334
69.60	-60.852459	-60.847618	-60.931618
69.70	-60.845625	-60.840896	-60.923119
69.80	-60.838974	-60.834352	-60.914831
69.90	-60.832501	-60.827983	-60.906753
70.00	-60.826203	-60.821785	-60.898878
70.10	-60.820074	-60.815753	-60.891203
70.20	-60.814112	-60.809885	-60.883723
70.30	-60.808312	-60.804175	-60.876434
70.40	-60.802671	-60.798620	-60.869331
70.50	-60.797184	-60.793217	-60.862410
70.60	-60.791847	-60.787961	-60.855668
70.70	-60.786658	-60.782851	-60.849101
70.80	-60.781612	-60.777881	-60.842705
70.90	-60.776706	-60.773049	-60.836477
71.00	-60.771936	-60.768352	-60.830412
71.10	-60.767299	-60.763786	-60.824508
71.20	-60.762791	-60.759347	-60.818760
71.30	-60.758408	-60.755034	-60.813166
71.40	-60.754149	-60.750842	-60.807721
71.50	-60.750009	-60.746768	-60.802422
71.60	-60.745985	-60.742809	-60.797266
71.70	-60.742074	-60.738963	-60.792250
71.80	-60.738273	-60.735227	-60.787370
71.90	-60.734579	-60.731597	-60.782622
72.00	-60.730990	-60.728070	-60.778005
72.10	-60.727501	-60.724645	-60.773513
72.20	-60.724112	-60.721318	-60.769145
72.30	-60.720817	-60.718086	-60.764897
72.40	-60.717617	-60.714947	-60.760767
72.50	-60.714506	-60.711898	-60.756750
72.60	-60.711484	-60.708938	-60.752845
72.70	-60.708547	-60.706062	-60.749047
72.80	-60.705693	-60.703270	-60.745356
72.90	-60.702920	-60.700559	-60.741767
73.00	-60.700226	-60.697926	-60.738278
73.10	-60.697607	-60.695369	-60.734887
73.20	-60.695063	-60.692886	-60.731590
73.30	-60.692591	-60.690475	-60.728385
73.40	-60.690188	-60.688133	-60.725271
73.50	-60.687853	-60.685860	-60.722243
73.60	-60.685584	-60.683652	-60.719300
73.70	-60.683379	-60.681509	-60.716440
73.80	-60.681236	-60.679427	-60.713660
73.90	-60.679153	-60.677406	-60.710957
74.00	-60.677129	-60.675443	-60.708331
74.10	-60.675161	-60.673537	-60.705778
74.20	-60.673249	-60.671686	-60.703297
74.30	-60.671390	-60.669888	-60.700886
74.40	-60.669582	-60.668142	-60.698542
74.50	-60.667826	-60.666446	-60.696264
74.60	-60.666118	-60.664800	-60.694049
74.70	-60.664457	-60.663200	-60.691897
74.80	-60.662980	-60.661647	-60.689804
74.90	-60.661645	-60.660137	-60.687770
75.00	-60.660418	-60.658672	-60.685793
75.10	-60.659273	-60.657248	-60.683871
75.20	-60.658192	-60.655864	-60.682002
75.30	-60.657158	-60.654520	-60.680186
75.40	-60.656160	-60.653214	-60.678419
75.50	-60.655190	-60.651945	-60.676702
75.60	-60.654242	-60.650712	-60.675032
75.70	-60.653310	-60.649514	-60.673408
75.80	-60.652390	-60.648349	-60.671829
75.90	-60.651482	-60.647217	-60.670293
76.00	-60.650582	-60.646117	-60.668800
76.10	-60.649798	-60.645047	-60.667347
76.20	-60.649097	-60.644008	-60.665934
76.30	-60.648453	-60.642997	-60.664559
76.40	-60.647847	-60.642014	-60.663222
76.50	-60.647266	-60.641058	-60.661920
76.60	-60.646697	-60.640128	-60.660654
76.70	-60.646134	-60.639224	-60.659422
76.80	-60.645570	-60.638344	-60.658223
76.90	-60.645002	-60.637488	-60.657057
77.00	-60.644428	-60.636656	-60.655921
77.10	-60.643844	-60.635845	-60.654815
77.20	-60.643361	-60.635057	-60.653739
77.30	-60.642944	-60.634289	-60.652690
77.40	-60.642568	-60.633542	-60.651670
77.50	-60.642216	-60.632815	-60.650676
77.60	-60.641873	-60.632107	-60.649708
77.70	-60.641529	-60.631417	-60.648765
77.80	-60.641177	-60.630746	-60.647846
77.90	-60.640812	-60.630092	-60.646951
78.00	-60.640431	-60.629454	-60.646079
78.10	-60.640031	-60.628833	-60.645229
78.20	-60.639705	-60.628228	-60.644401
78.30	-60.639425	-60.627639	-60.643593
78.40	-60.639169	-60.627064	-60.642806
78.50	-60.638921	-60.626503	-60.642038
78.60	-60.638672	-60.625957	-60.641289
78.70	-60.638411	-60.625424	-60.640559
78.80	-60.638135	-60.624904	-60.639847
78.90	-60.637839	-60.624397	-60.639152
79.00	-60.637520	-60.623902	-60.638473
79.10	-60.637179	-60.623419	-60.637812
79.20	-60.636814	-60.622947	-60.637166
79.30	-60.636426	-60.622487	-60.636535
79.40	-60.636015	-60.622038	-60.635919
79.50	-60.635583	-60.621599	-60.635318
79.60	-60.635131	-60.621170	-60.634730
79.70	-60.634661	-60.620751	-60.634157
79.80	-60.634173	-60.620342	-60.633596
79.90	-60.633670	-60.619942	-60.633048
80.00	-60.633153	-60.619551	-60.632513
80.10	-60.632623	-60.619169	-60.631990
80.20	-60.632083	-60.618795	-60.631478
80.30	-60.631533	-60.618429	-60.630977
80.40	-60.630975	-60.618072	-60.630488
80.50	-60.630410	-60.617722	-60.630009
80.60	-60.629840	-60.617379	-60.629541
80.70	-60.629266	-60.617044	-60.629082
80.80	-60.628688	-60.616715	-60.628634
80.90	-60.628108	-60.616393	-60.628194
81.00	-60.627527	-60.616078	-60.627764
81.10	-60.626946	-60.615770	-60.627343
81.20	-60.626365	-60.615467	-60.626930
81.30	-60.625786	-60.615171	-60.626526
81.40	-60.625209	-60.614880	-60.626130
81.50	-60.624635	-60.614595	-60.625741
81.60	-60.624064	-60.614315	-60.625361
81.70	-60.623496	-60.614041	-60.624988
81.80	-60.622933	-60.613771	-60.624622
81.90	-60.622375	-60.613507	-60.624263
82.00	-60.621822	-60.613248	-60.623910
82.10	-60.621275	-60.612993	-60.623565
82.20	-60.620734	-60.612743	-60.623225
82.30	-60.620199	-60.612497	-60.622892
82.40	-60.619670	-60.612255	-60.622565
82.50	-60.619148	-60.612018	-60.622244
82.60	-60.618632	-60.611784	-60.621928
82.70	-60.618124	-60.611555	-60.621618
82.80	-60.617623	-60.611329	-60.621314
82.90	-60.617129	-60.611107	-60.621014
83.00	-60.616643	-60.610888	-60.620720
83.10	-60.616164	-60.610673	-60.620430
83.20	-60.615692	-60.610461	-60.620145
83.30	-60.615338	-60.610253	-60.619865
83.40	-60.615067	-60.610047	-60.619590
83.50	-60.614856	-60.609845	-60.619319
83.60	-60.614684	-60.609646	-60.619052
83.70	-60.614537	-60.609449	-60.618789
83.80	-60.614405	-60.609255	-60.618530
83.90	-60.614278	-60.609064	-60.618275
84.00	-60.614152	-60.608876	-60.618024
84.10	-60.614021	-60.608690	-60.617776
84.20	-60.613882	-60.608507	-60.617532
84.30	-60.613735	-60.608326	-60.617292
84.40	-60.613576	-60.608147	-60.617055
84.50	-60.613406	-60.607971	-60.616821
84.60	-60.613224	-60.607796	-60.616590
84.70	-60.613031	-60.607624	-60.616363
84.80	-60.612826	-60.607454	-60.616138
84.90	-60.612610	-60.607286	-60.615917
85.00	-60.612384	-60.607120	-60.615698
85.10	-60.612148	-60.606956	-60.615482
85.20	-60.611903	-60.606794	-60.615269
85.30	-60.611650	-60.606633	-60.615058
85.40	-60.611389	-60.606475	-60.614850
85.50	-60.611121	-60.606317	-60.614644
85.60	-60.610848	-60.606162	-60.614441
85.70	-60.610569	-60.606008	-60.614240
85.80	-60.610285	-60.605856	-60.614042
85.90	-60.609997	-60.605705	-60.613846
86.00	-60.609706	-60.605556	-60.613651
86.10	-60.609411	-60.605408	-60.613459
86.20	-60.609115	-60.605261	-60.613270
86.30	-60.608817	-60.605116	-60.613082
86.40	-60.608517	-60.604972	-60.612896
86.50	-60.608216	-60.604829	-60.612711
86.60	-60.607915	-60.604688	-60.612529
86.70	-60.607614	-60.604547	-60.612349
86.80	-60.607313	-60.604408	-60.612170
86.90	-60.607013	-60.604270	-60.611993
87.00	-60.606713	-60.604133	-60.611818
87.10	-60.606415	-60.603997	-60.611644
87.20	-60.606118	-60.603863	-60.611472
87.30	-60.605823	-60.603729	-60.611301
87.40	-60.605530	-60.603596	-60.611132
87.50	-60.605239	-60.603464	-60.610964
87.60	-60.604949	-60.603333	-60.610798
87.70	-60.604663	-60.603203	-60.610633
87.80	-60.604379	-60.603074	-60.610469
87.90	-60.604097	-60.602945	-60.610307
88.00	-60.603818	-60.602818	-60.610146
88.10	-60.603542	-60.602691	-60.609987
88.20	-60.603269	-60.602565	-60.609828
88.30	-60.602999	-60.602440	-60.609671
88.40	-60.602732	-60.602316	-60.609515
88.50	-60.602468	-60.602192	-60.609360
88.60	-60.602207	-60.602069	-60.609206
88.70	-60.601949	-60.601946	-60.609053
88.80	-60.601694	-60.601825	-60.608901
88.90	-60.601442	-60.601704	-60.608750
89.00	-60.601194	-60.601583	-60.608601
89.10	-60.600949	-60.601463	-60.608452
89.20	-60.600707	-60.601344	-60.608304
89.30	-60.600468	-60.601226	-60.608157
89.40	-60.600232	-60.601107	-60.608011
89.50	-60.599999	-60.600990	-60.607866
89.60	-60.599770	-60.600873	-60.607722
89.70	-60.599543	-60.600756	-60.607578
89.80	-60.599320	-60.600640	-60.607436
89.90	-60.599099	-60.600525	-60.607294
90.00	-60.598882	-60.600410	-60.607153
90.10	-60.598667	-60.600295	-60.607013
90.20	-60.598455	-60.600181	-60.606873
90.30	-60.598246	-60.600068	-60.606734
90.40	-60.598040	-60.599954	-60.606596
90.50	-60.597837	-60.599842	-60.606459
90.60	-60.597636	-60.599729	-60.606322
90.70	-60.597438	-60.599617	-60.606186
90.80	-60.597242	-60.599505	-60.606051
90.90	-60.597049	-60.599394	-60.605916
91.00	-60.596859	-60.599283	-60.605782
91.10	-60.596671	-60.599173	-60.605649
91.20	-60.596485	-60.599063	-60.605516
91.30	-60.596302	-60.598953	-60.605384
91.40	-60.596121	-60.598843	-60.605252
91.50	-60.595942	-60.598734	-60.605121
91.60	-60.595765	-60.598625	-60.604990
91.70	-60.595591	-60.598517	-60.604860
91.80	-60.595418	-60.598409	-60.604730
91.90	-60.595248	-60.598301	-60.604601
92.00	-60.595080	-60.598193	-60.604473
92.10	-60.594913	-60.598086	-60.604345
92.20	-60.594749	-60.597978	-60.604217
92.30	-60.594586	-60.597872	-60.604090
92.40	-60.594425	-60.597765	-60.603963
92.50	-60.594266	-60.597659	-60.603837
92.60	-60.594108	-60.597552	-60.603711
92.70	-60.593953	-60.597447	-60.603586
92.80	-60.593798	-60.597341	-60.603461
92.90	-60.593646	-60.597236	-60.603336
93.00	-60.593495	-60.597130	-60.603212
93.10	-60.593345	-60.597072	-60.603089
93.20	-60.593197	-60.597046	-60.602965
93.30	-60.593051	-60.597042	-60.602842
93.40	-60.592905	-60.597052	-60.602720
93.50	-60.592761	-60.597070	-60.602598
93.60	-60.592619	-60.597092	-60.602476
93.70	-60.592477	-60.597112	-60.602354
93.80	-60.592337	-60.597130	-60.602233
93.90	-60.592198	-60.597144	-60.602112
94.00	-60.592060	-60.597151	-60.601992
94.10	-60.591924	-60.597152	-60.601871
94.20	-60.591788	-60.597145	-60.601752
94.30	-60.591654	-60.597131	-60.601632
94.40	-60.591520	-60.597109	-60.601513
94.50	-60.591388	-60.597079	-60.601394
# IV Measures at spl 40
# RMP 	-57.5	0 
# IVshift	53.7
# IVOnset	0	0.992942
# IVAdaptation	0	0.58924
# IVOffset	2.04	5.42158
# IV Measures RMS error 	1.69079
# IV RMS Error: 	 1.69079
 
#PSTH: Time	 Rate (sp/s)
# 0	0.000000
# 1	148.000000
# 2	282.000000
# 3	272.000000
# 4	254.000000
# 5	248.000000
# 6	158.000000
# 7	0.000000
# 8	0.000000
# 9	0.000000
# 10	0.000000
# 11	0.000000
# 12	0.000000
# 13	0.000000
# 14	0.000000
# 15	0.000000
#CV: Time	 CV ()		 ISI mean (ms)		 ISI sd (ms) 
# 0	0.209740	3.722973	0.780858
# 1	0.203225	3.603571	0.732337
# 2	0.207094	3.841481	0.795546
# 3	0.237220	3.960937	0.939612
# 4	0.197024	3.819231	0.752482
#CV: Time	 CV reference		 CV test ()	 Weighting 
# 0	0.209740	0.108000	10000.000000
# 1	0.203225	0.157000	10000.000000
# 2	0.207094	0.157000	10000.000000
# 3	0.237220	0.157000	10000.000000
# CV RMS Error 	7.31992
 # CV Measures RMS error 	0
#   FSL Mean 6.182, Std Dev 0.404914 , Median 6.1
# Checked trials 	50
# Sustained rate 	242.8
# Post stimulus rate penalty 	0

# IV Measures at spl 50
# RMP 	-45.1053	0 
# IVshift	53.3
# IVOnset	1.0125	0.987159
# IVAdaptation	-1.12281	1.14521
# IVOffset	1.15789	4.97202
# IV Measures RMS error 	2.21879
# IV RMS Error: 	 2.21879
 
#PSTH: Time	 Rate (sp/s)
# 0	0.000000
# 1	190.000000
# 2	298.000000
# 3	288.000000
# 4	284.000000
# 5	278.000000
# 6	162.000000
# 7	0.000000
# 8	0.000000
# 9	0.000000
# 10	0.000000
# 11	0.000000
# 12	0.000000
# 13	0.000000
# 14	0.000000
# 15	0.000000
#CV: Time	 CV ()		 ISI mean (ms)		 ISI sd (ms) 
# 0	0.199265	3.223404	0.642312
# 1	0.189926	3.286486	0.624189
# 2	0.251713	3.578621	0.900786
# 3	0.222085	3.561538	0.790963
# 4	0.240135	3.436441	0.825208
#CV: Time	 CV reference		 CV test ()	 Weighting 
# 0	0.199265	0.154300	24000.000000
# 1	0.189926	0.168400	24000.000000
# 2	0.251713	0.179300	24000.000000
# 3	0.222085	0.187100	24000.000000
# CV RMS Error 	7.32918
 # CV Measures RMS error 	0
#   FSL Mean 5.782, Std Dev 0.250461 , Median 5.8
# Checked trials 	50
# Sustained rate 	262
# Post stimulus rate penalty 	0

# IV Measures at spl 60
# RMP 	-60.18	0 
# IVshift	53.1
# IVOnset	0	0.98355
# IVAdaptation	0	0.536794
# IVOffset	2.57	4.59188
# IV Measures RMS error 	1.01094
# IV RMS Error: 	 1.01094
 
#PSTH: Time	 Rate (sp/s)
# 0	0.000000
# 1	196.000000
# 2	340.000000
# 3	298.000000
# 4	304.000000
# 5	294.000000
# 6	204.000000
# 7	0.000000
# 8	0.000000
# 9	0.000000
# 10	0.000000
# 11	0.000000
# 12	0.000000
# 13	0.000000
# 14	0.000000
# 15	0.000000
#CV: Time	 CV ()		 ISI mean (ms)		 ISI sd (ms) 
# 0	0.221346	2.954639	0.653997
# 1	0.190871	3.094152	0.590584
# 2	0.251789	3.353061	0.844264
# 3	0.233288	3.290850	0.767717
# 4	0.209592	3.317293	0.695277
#CV: Time	 CV reference		 CV test ()	 Weighting 
# 0	0.221346	0.120000	14000.000000
# 1	0.190871	0.138000	14000.000000
# 2	0.251789	0.200000	14000.000000
# 3	0.233288	0.189000	14000.000000
# CV RMS Error 	7.87303
 # CV Measures RMS error 	0
#   FSL Mean 5.518, Std Dev 0.207699 , Median 5.55
# Checked trials 	50
# Sustained rate 	288
# Sustained rate penalty 	0
# Post stimulus rate penalty 	0

#  Input Resistance = 163.108
#  Input Resistance Penalty = 0
#  tonefreq = 9100
# bandwidth
#	0.0000	0.0000	0.0000	0.0000
#	3.0000	0.0000	0.0000	0.0000
#	9.0000	30.0000	0.0000	5.0000
#	3.0000	30.0000	2.0000	0.0000
#	0.0000	0.0000	40.0000	1.0000
#	0.0000	0.0000	40.0000	2.4837
# num. connections
#	0	0	0	0
#	20	0	0	0
#	20	30	0	0
#	20	20	5	0
#	30	20	125	1
#	30	20	84	1
# weights
#	0	0	0	0
#	0.00017319	0	0	0
#	7.3372e-05	0.00179324	0	0
#	8.9534e-06	0.00129324	0.000531549	0
#	0.0004908	0.000645083	0.000167221	0.0487
#	0.0017991	0.0051716	0.01103	0.5166
# delay
#	0.4000	0.0000	0.4000	0.0000
#	0.4000	0.0000	1.0000	0.0000
#	0.4000	0.5000	0.0000	0.0000
#	0.5000	0.5000	0.4000	0.0000
#	1.6000	2.0000	1.0000	2.5000
#	1.6000	2.0000	1.0000	2.5000
# offset  2.1
# golgi_syn_filter_scale_factor 1
# golgi_spon 3.7271
# ds_gaba_decay			 5.43235
# ds_gaba_rise			 0.261939
# ds_erev  -70
# ds_gkltbar	 0.0163897
# ds_gkhtbar	 0.030623
# ds_gleak  0.000274146
# ds_gnabar  0.30623
# tv_gleak  0.000249321
# tv_erev  -72
# ts_gkhtbar  0.0189416
# ts_gnabar  0.23677
# ts_gkabar  0.01539
# ts_ghbar  6.20392e-05
# ts_gleak  0.000473539
# ts_erev  -60.9
# ts_dend_g  0.001
# ts_dend_e  -65
# ts_jitter_sd  0.5
