0
0
0
0.05
0
0.1
0
0
0
0
0
0
0.05
0
0
0
0
0
0.05
0
0.05
0
0
0
0
0
0.05
0
0
0
0
0
0
0
0.1
0
0
0.05
0
0
0
0
0
0
0
0
0
0
0
0
0
0
0.05
0
0
0.05
0
0
0
0.05
0
0
0
0
0
0
0
0
0
0
0
0
0.05
0
0
0
0
0
0.05
0
0
0
0
0
0.05
0
0.05
0
0
0
0
0
0
0
0
0
0
0
0
0

0
0
0
0
0
0
0
0
0
0
0
0
0
0
0
0
0
0
0.1
0
0
0
0.05
0
0
0
0
0
0.05
0
0
0
0
0
0
0
0
0
0
0
0
0
0
0
0
0.05
0
0
0
0
0
0
0
0
0
0
0
0
0
0
0
0
0
0
0
0
0
0.05
0
0
0
0.05
0
0.05
0
0
0
0.05
0
0
0
0
0
0
0
0
0
0
0
0
0
0
0
0
0
0
0
0
0
0

0
0
0
0
0
0.1
0
0
0
0
0
0
0
0
0.05
0.05
0.05
0
0.05
0.05
0
0.05
0
0
0
0
0
0
0
0.05
0
0
0
0
0.05
0
0
0
0.05
0.05
0
0
0
0
0.05
0.05
0
0
0
0
0.15
0
0
0
0
0
0
0
0
0
0
0
0
0.1
0
0
0
0
0.05
0
0
0
0
0
0
0.05
0
0
0.05
0
0.05
0
0.05
0
0
0
0.1
0
0
0
0
0
0.05
0
0
0
0
0
0
0

0
0
0
0
0
0
0
0
0
0
0.05
0
0
0
0
0
0
0
0
0.05
0
0
0
0
0.05
0
0
0
0
0.05
0
0
0
0
0
0
0.05
0
0
0.05
0.05
0.05
0.05
0.1
0.05
0
0.05
0.05
0.05
0
0.15
0.1
0.05
0
0
0
0
0.05
0
0
0
0
0
0.05
0
0
0
0
0
0
0.05
0.05
0
0
0
0
0
0
0
0
0.05
0
0
0
0
0
0
0.1
0.05
0
0
0
0.05
0
0.05
0
0
0.05
0
0

0.05
0
0
0
0
0.05
0.05
0
0
0.05
0.05
0
0
0.05
0
0
0
0
0
0
0
0.05
0
0
0
0
0
0
0
0
0
0
0
0
0
0
0.1
0.05
0.1
0
0.15
0.15
0
0
0
0.05
0.1
0.1
0.2
0.35
0.15
0.25
0.05
0.05
0.15
0
0
0
0
0
0
0
0
0
0
0
0.05
0
0
0
0
0
0
0.05
0
0
0
0
0
0
0
0
0
0.05
0
0
0
0
0
0
0.05
0
0
0
0
0
0
0
0.05
0

0
0
0
0
0.05
0
0
0
0.05
0.05
0.05
0
0
0
0
0
0
0
0
0
0
0.05
0.05
0.05
0
0
0
0
0
0
0
0
0.1
0
0
0.1
0
0.15
0.25
0.15
0.25
0.25
0.1
0.2
0.05
0.1
0.25
0.3
0.3
0.3
0.45
0.25
0.5
0.25
0.3
0.2
0.2
0
0
0
0
0
0
0
0
0
0
0
0
0
0
0
0.05
0
0
0
0.05
0.05
0
0
0.05
0.05
0
0
0
0.05
0
0
0
0
0
0
0
0
0
0
0
0
0
0

0.05
0.05
0
0.05
0
0
0.05
0
0
0
0
0.05
0.1
0.05
0.1
0
0.1
0.15
0.1
0.1
0.05
0.05
0.05
0.05
0
0.05
0
0.2
0
0.2
0.05
0.05
0.05
0
0
0.05
0.1
0.2
0.3
0.15
0.15
0.25
0.4
0.45
0.3
0.3
0.3
0.65
0.55
0.35
0.75
0.75
0.6
0.7
0.55
0.75
0.15
0.05
0.15
0
0
0
0
0
0.05
0.1
0
0
0
0
0
0
0
0
0
0
0
0
0.1
0
0
0.05
0
0
0
0
0.05
0.1
0.05
0.05
0
0.05
0
0.05
0
0
0
0
0
0.1

0.05
0.05
0.15
0
0
0.05
0.15
0.1
0.05
0.15
0.1
0.05
0
0.05
0
0.15
0.05
0.05
0.05
0
0
0.05
0.05
0
0.1
0
0.15
0.1
0
0.05
0.05
0.1
0.05
0.05
0.05
0.05
0.2
0.2
0.25
0.4
0.4
0.8
0.45
0.45
0.45
0.35
0.65
0.6
0.6
1.2
0.95
0.9
0.85
1
1.05
0.95
0.55
0.1
0.1
0
0
0
0
0
0.05
0
0
0
0
0
0
0.05
0
0
0
0
0.05
0.05
0.05
0.05
0.1
0.05
0.05
0.15
0.05
0
0
0
0
0.1
0
0
0
0.05
0
0
0
0
0
0

0.05
0
0
0
0.05
0.05
0.05
0
0.05
0.15
0.15
0.1
0.05
0.1
0.1
0.05
0.05
0.1
0.05
0
0.15
0
0.05
0.1
0.05
0.05
0.05
0.15
0
0.05
0.2
0.1
0.05
0
0.15
0.2
0.45
0.6
0.4
0.55
0.75
1.05
1
0.85
1
0.65
1
0.95
0.85
1
1.1
1.6
1.6
1.35
1.1
1.55
0.65
0.45
0.15
0.15
0.05
0
0
0
0
0
0
0
0
0
0
0
0.1
0
0
0
0.15
0.1
0.15
0
0.1
0.3
0.05
0.1
0.05
0.1
0.1
0.05
0.1
0.1
0.05
0
0.05
0
0
0
0
0
0
0

0.1
0.2
0.05
0
0.2
0.05
0.15
0.1
0.15
0.1
0.05
0.05
0.05
0.3
0.3
0.2
0.25
0.2
0.2
0.15
0.2
0.25
0.35
0.15
0.15
0.15
0.15
0
0.25
0.1
0.05
0.15
0
0.15
0.25
0.2
0.45
0.55
0.75
1.15
0.85
0.85
1
1.2
0.95
1.45
1.25
1.3
1.1
1.7
1.25
1.9
1.8
2.2
1.9
1.55
1.1
0.65
0.2
0.15
0
0
0.1
0
0.05
0.05
0
0
0
0
0
0
0.05
0
0.1
0
0.25
0.2
0.05
0.15
0.5
0.25
0.15
0.25
0.2
0.05
0.25
0.15
0.15
0.05
0.1
0
0
0
0
0
0
0
0
0

0
0.05
0.25
0.2
0.2
0.05
0.1
0.1
0.2
0.2
0.25
0.2
0.2
0.1
0.2
0.2
0.2
0.45
0.25
0.3
0.3
0.2
0.05
0.2
0.25
0.2
0.25
0.05
0.25
0.15
0.25
0.2
0.1
0.25
0.15
0.5
0.75
1
1.1
1
0.85
1.3
1.05
1.3
0.85
1.45
1.95
2
1.6
1.9
2.45
2.1
1.9
2.2
2.3
1.8
1.65
1
0.85
0.25
0.05
0.1
0.05
0
0
0
0
0.05
0.05
0
0
0
0
0
0
0.2
0.15
0.3
0.35
0.35
0.65
0.2
0.5
0.35
0.2
0.35
0.3
0.55
0.15
0.45
0.05
0.1
0.05
0.05
0.05
0
0
0
0
0

0.35
0.2
0.2
0.1
0.35
0.4
0.3
0.2
0.25
0.35
0.2
0.2
0.1
0.35
0.4
0.55
0.2
0.4
0.45
0.3
0.2
0.2
0.3
0.5
0.15
0.2
0.2
0.25
0.15
0.55
0.25
0.1
0.5
0.3
0.55
0.4
0.7
1.1
0.95
1.55
1.7
1.75
2
1.5
1.5
2.3
2.5
2.6
2.5
2.25
2.35
3.05
2.4
2.7
2.3
2.6
2.35
1.5
0.9
0.5
0.45
0.3
0.1
0
0
0.05
0
0
0
0
0
0
0
0
0.1
0.3
0.35
0.5
0.6
0.4
0.5
0.5
0.65
0.35
0.4
0.5
0.65
0.85
0.65
0.55
0.35
0.25
0.05
0.05
0.05
0
0
0
0.05
0

0.15
0.2
0.2
0.4
0.25
0.35
0.55
0.4
0.45
0.25
0.5
0.25
0.25
0.15
0.25
0.35
0.75
0.5
0.4
0.45
0.25
0.4
0.45
0.4
0.35
0.6
0.4
0.55
0.35
0.5
0.4
0.35
0.75
0.75
0.55
1.05
1.05
1.7
1.45
1.35
1.85
2.35
2.05
2
2.35
2.8
2.6
2.4
2.55
2.7
3.45
3.35
3.1
3.6
3.4
3.25
2.8
2.15
0.85
0.95
0.45
0.2
0.05
0.05
0
0
0
0
0
0
0
0
0
0.05
0.25
0.4
1.05
0.65
0.7
0.9
1.35
1
0.8
0.75
0.8
0.95
1.1
1.05
0.6
0.6
0.9
0.4
0.3
0.15
0
0.05
0
0
0
0

0.2
0.15
0.45
0.15
0.3
0.25
0.25
0.25
0.45
0.45
0.2
0.5
0.45
0.55
0.5
0.6
0.4
0.5
0.6
0.4
0.3
0.45
0.4
0.45
0.55
0.7
0.65
0.6
0.55
0.75
0.9
0.85
0.9
0.75
0.8
1
1.2
2.05
2.25
1.95
2.4
2.2
1.8
2.6
3.15
2.65
3.45
3.2
3.45
4.3
3.7
3.6
3.8
3.85
3.55
3.9
2.8
2.75
1.6
1.3
0.4
0.4
0.4
0.25
0.1
0
0
0
0.05
0
0.05
0
0
0.05
0.15
0.4
1.1
0.85
1.1
1.25
1.6
1.25
1.6
0.8
1.05
0.75
1
1.3
0.8
0.8
1
0.55
0.45
0.5
0.05
0.15
0
0
0
0

0.45
0.5
0.6
0.65
0.45
0.65
0.65
0.6
0.35
0.6
1.1
0.9
0.95
1.05
0.75
0.85
0.75
0.9
0.7
0.9
0.75
0.85
0.6
0.45
0.95
0.75
0.65
0.55
0.7
1.05
0.65
1.1
0.85
1.2
1.15
1.25
1.45
1.95
2.5
1.7
2.95
2.65
3.75
2.65
3.1
2.8
3
3.7
3.4
4.65
4.85
3.8
4.45
4.05
4.75
3.85
2.95
2.8
2.4
2
1.5
0.7
0.6
0.55
0.25
0.3
0.2
0.1
0
0
0
0
0.05
0.2
0.45
0.95
1.05
1.35
1.75
1.65
1.6
1.85
2.15
1.4
1.4
1
1.55
1.75
1.15
1.5
1.1
0.65
0.5
0.5
0.15
0.1
0.05
0
0
0.05

