3.275
3.4
3.4
3.05
3.125
3.675
3.85
3.125
3.275
3.35
3.475
2.975
3.55
3.1
3.2
3.55
3.275
3.3
3.175
3.25
3.45
3.325
3.2
2.975
3.525
3.65
3.075
3.575
3.35
3.4
3.5
3.725
3.35
3.325
3.35
3.25
3.025
3.375
3.45
3.45
3.25
3.075
3.15
2.95
3.475
3.425
3.5
3.575
3.55
4.25
3.95
4.025
4.275
4.225
3.95
3.425
3.55
3.4
3.075
3.025
3.3
3.35
3.35
3.575
3.275
2.975
2.875
3.25
3.2
3
3.425
3.35
3.275
3.275
3.575
3.325
3.3
3.6
3.525
3.725
2.8
3.7
3.6
3
3.525
3.025
3.45
3.8
2.975
3.375
3.375
3.175
2.875
3.55
3.475
3.2
3.25
3.325
3.2
3.425

3.775
3.175
3.425
3.275
3.7
3.675
3.2
2.95
3.05
3.35
3.2
2.85
3.35
3.125
3.075
3.725
3.45
3.2
3.275
3.15
3.25
3.45
3.175
3.4
3.375
3.725
3.55
3.35
3.525
3.35
3.375
3.25
3.425
3.175
3.3
3.175
3.65
3.225
3.05
4.025
3.75
3.925
3.8
3.525
3.825
4.025
3.825
4.5
4.4
5.55
6.325
7.625
6.4
5.775
5.85
5.05
3.75
3.525
2.9
2.95
3.025
2.825
3.175
3
3.275
3.45
2.975
3.075
3.225
3.125
3.2
2.95
3.425
3.35
3.05
3.35
3.275
3.55
3.2
3.75
3.15
3.525
3.15
3.7
3.55
3
3.325
3.175
3
3.625
3.275
3.15
3.45
3.35
2.9
3.2
3.475
3.4
3.075
3.7

3.325
2.825
3.575
3.15
3.175
3.75
3.775
3
3.325
3.1
3.725
3.6
3.275
3.6
3.275
3.15
3.275
3.975
3.075
3.125
3.45
3.125
3.35
3.15
3.2
3.25
3.2
3.575
3.45
2.875
3.025
3.4
3.425
3.375
3.175
3.125
3.475
3.825
4.45
4.975
4.8
5.25
5.675
5.425
5.2
6.225
6.5
7.325
8.05
8.575
10.175
10.1
9.7
9.55
9.6
8.975
5.6
3.5
3.925
3.4
3
3.475
3.2
3.35
3.4
3.2
3.475
2.875
3.8
2.75
3.025
3.55
2.85
3.075
3.35
3.15
3.575
3.675
3.475
3.925
3.675
3.625
3.625
3.25
3.6
3.625
3.425
3.425
2.825
3.35
3.175
3.725
3.95
3.7
2.825
3.45
2.875
3.575
3.3
3.125

3.775
3.2
3.35
3.225
3.55
3.4
3.425
3.175
3.125
3.15
3.2
3.85
2.925
3.375
3.55
3.2
3.725
3.25
3.675
3.35
3.575
3.5
3.2
3.3
3.45
3.35
3.3
3.25
3.075
3.675
3.575
3.65
3.85
3.575
3.775
3.55
4.25
5.125
6.325
7.6
7.3
8.15
8.75
8.85
7.775
8.5
10.025
10.95
11.25
11.9
12.95
12.5
11.475
12.325
11.9
12.05
8.825
4.775
3.4
3.325
3.475
3.075
3.525
3.35
3.175
3.075
3.775
3.475
2.85
3.55
2.775
3.325
3.375
3.225
3.175
3.8
3.775
4.4
3.95
4.35
4.375
4.275
4.1
3.75
3.425
3.775
4.075
3.6
4.075
3.65
3.55
3.55
3.5
3.25
3.575
2.975
3.025
2.8
3.325
3.575

3.45
3.4
3.225
3.675
3.375
3.075
3.35
3.575
3.5
3.775
3.175
3.525
3.575
4.125
3.675
3.55
3.675
3.75
3.3
3.85
3.525
3.3
3.8
3.7
3.5
3.675
3.45
3.35
3.475
3.65
3.375
3.7
3.725
3.75
3.825
4.35
5.35
7.6
8.575
9.675
10.225
10.825
10.9
11.425
11.65
11.675
12.375
13.275
13.55
14.325
13.55
13.225
13.85
13.425
13.425
13.225
11.9
8.1
5.05
3.75
3.25
3.475
3.15
2.875
3.15
3.55
2.975
3.7
3.45
3.5
3.35
3.5
3.25
3.475
3.3
4.1
5
5.7
6.15
5.475
6.025
5.725
5.625
4.9
5
4.8
5.325
5.875
4.925
4.65
4.625
3.55
3.625
3.55
3.625
3.425
3.025
3.2
3.35
3.475

3.4
3.725
3.1
3.075
3.675
3.725
4.075
4.325
3.85
3.55
3.75
4.225
3.925
4.525
4.175
4.075
4.25
4.2
4.275
4.55
3.925
4.15
4.325
3.7
3.675
3.6
3.65
3.95
4.1
3.625
4.55
3.975
4.6
4.55
5
5.15
7.675
10.425
11.875
11.45
12.375
12.125
12.9
12.725
12.675
13.525
14.025
14.1
14.375
14.1
13.6
13.85
14.15
14.775
13.925
14.85
14.075
11.225
8.025
4.575
3.575
3.175
4.05
3.9
3.5
3.375
3.65
3.2
3.375
3.075
3.6
2.975
3.4
3.425
3.15
4.4
6.95
8.475
8.825
9.375
9.6
9.275
7.525
7.75
7.625
7.35
7.475
7.9
7.7
7.275
6.825
5.075
4.25
3.7
3.525
3.45
3.45
2.825
3.75
3.175

4.2
3.55
4.05
3.55
3.875
4.35
4.425
4.2
4.25
4.475
4.625
4.5
4.025
4.525
4.375
4.875
4.475
5.225
4.775
5.45
4.7
4.525
4.425
4.725
4.95
4.05
5.125
5.075
5.125
5.15
5.075
5.425
5.55
6.2
5.9
7.45
9.525
12.75
12.95
13.275
12.875
13.9
13.675
13.575
13.55
14.425
14.225
14.7
14.8
13.75
14.075
14.1
14.5
14.5
15.65
14.425
14.85
13.05
10.675
7.225
4.4
3.9
3.55
3.475
3.075
3.525
3.375
3.325
3.25
3.45
3.725
3.375
3.275
3.425
3.925
6.225
10.325
11.525
11.825
12.225
11.7
11.525
10.8
10.825
10.4
10.075
10.625
10.775
9.9
10.5
8.55
6.7
5.85
4.8
3.8
3.5
2.9
3.05
3.325
3.225

4.15
4.3
4.675
4.525
4.25
4.65
4.675
4.95
5.575
5.4
5.4
5.1
5.45
5.55
5.575
6.4
6.4
6.85
6.275
6.4
6.425
5.875
6.15
6
5.775
5.675
6.1
6.05
6.875
6.975
6.85
6.85
7.85
7.6
8.175
10.35
11.6
12.9
13.775
14.175
13.35
14
14
14.7
15.025
13.925
14.7
14.8
14.875
14.275
14.475
15.175
14.65
14.6
15.025
14.475
14.35
13.65
12.725
10.55
7.45
5.225
3.825
3.225
3.65
3.75
3.5
2.95
3.05
3.15
3.3
3.625
3
3.55
3.65
8.925
11.9
13.35
12.7
13.2
13.275
14.125
13.375
13.35
13.425
12.45
13.325
12.05
12.825
12.125
11.35
9.2
8.175
6.2
3.45
3.35
3.125
2.9
3.675
3.875

5
4.55
5.5
5.125
5.3
5.975
5.9
5.475
6.175
5.275
6.35
6.175
6.475
7.175
7.05
7.25
7.875
7.775
8.05
7.9
7.55
7.85
7.65
7.325
7.6
6.825
7.25
8.45
7.775
8.625
8.4
9.35
9.375
10.075
10.525
11.875
12.75
14.375
14.35
14.425
14.85
14.4
14.275
15.15
15.1
15.275
15.3
15.15
14.725
14.5
15.075
15.55
15.7
14.875
14.75
15.025
14.45
14.125
13.175
12.825
10.475
7.6
5.3
3.625
2.875
3.65
3.175
3.375
3.65
3.575
2.95
3.575
3.425
3.175
5.675
11.125
13.95
13.925
13.875
14.1
14.5
13.825
13.65
13.25
13.075
13.7
13.6
13.425
13.625
12.775
13.375
11.75
10.175
8.675
5.15
4.175
3.2
3.375
3.325
3.3

5.65
5.125
6.075
6.225
6.225
6.7
6.4
6.525
7.6
7.725
7
6.85
7.5
7.85
7.775
8.525
8.55
8.375
9.3
9.325
9.65
8.6
9.225
8.625
9.625
9.275
9.275
9.85
10.375
10.025
11.025
11.75
11.25
11.4
12.25
13.6
13.3
14.35
15.275
15.025
15.075
15.2
14.375
14.675
14.3
14.9
14.6
15.35
14.8
15.625
15.45
15.05
15.425
15.425
15.5
14.25
14.95
14.75
14.3
14.125
13
11.125
8.1
5.575
4.2
3.7
3.425
3.35
3.425
3.45
3.35
3.1
3.5
4
9.025
13.15
14
14.625
14.7
14.55
14.5
14.325
14.55
14.3
14.85
14.375
14.2
14.35
15.35
14.35
14.65
13.3
12.25
11.875
7.325
5.725
3.75
3.175
3.25
3.175

6.425
6.7
7.2
7.45
7.625
7.8
7.65
6.975
8.275
8.125
8.2
8.575
8.75
9.25
9.75
9.925
9.775
10.475
10.275
10.925
9.675
10.275
10.4
10.675
10.1
10.125
10.9
11.525
11.25
11.3
11.7
12.3
12.425
13.475
13.05
13.775
14.2
15.3
15.675
14.95
15.675
15.325
14.9
15.025
14.725
14.7
15.3
15.725
14.875
14.725
15.075
15.65
15.425
15
15.1
14.35
14.875
15.075
14.4
14.225
13.85
13.275
11.475
8.975
6.825
4.65
5.125
3.725
3.7
3.525
3.425
4.175
3.95
6.2
11.125
13.775
14.675
13.975
14.725
14.8
15
15.05
15.025
14.675
14.425
15.175
15.7
15.225
14.275
14.4
14.5
14.025
13.05
12.55
11.025
7.2
4.525
3.125
2.925
3.325

8.05
7.825
8.775
8.65
8.15
8.975
9.025
9.225
9.225
9.75
9.7
10.625
10.925
10.45
10.4
10.725
11.325
11.425
11.675
11.55
10.875
11.4
11.55
11.175
11.575
11.225
11.7
11.65
11.975
13.5
12.55
14.325
13.575
13.625
14.225
14.2
15.15
15.55
15.375
15.025
15.075
15.1
14.625
15.225
14.85
15.275
14.95
14.875
14.975
15.8
14.775
15.75
15.025
15.175
15.3
15.4
15.1
14.75
14.25
14.55
14.15
14.325
13.75
11.475
9.025
7.475
6.025
5.65
4.7
4.425
3.9
4.375
5.675
9.3
13.05
14.15
14.325
14.875
14.575
15.05
14.6
15.1
15.075
15.1
15.5
14.8
15.05
15.65
14.475
13.975
14.2
14.3
14.725
13.65
12.15
10.175
6.125
3.9
3.275
3.175

8.825
9.55
9.625
9.65
10.05
9.6
10.6
10.175
10.225
10.775
10.95
11.25
11.5
11.325
11.825
12.425
12.35
12.1
12
12.325
11.775
12.825
12.55
12.575
12.775
12.8
13.05
13.05
12.6
14.65
13.625
14.225
14.325
13.6
14.7
15.65
14.15
15.05
15.15
15.125
14.7
15.8
15.925
15.225
14.875
15.775
15.55
14.925
15.775
15.425
14.875
16.175
15.15
15.4
15.25
15.425
15.475
15.525
15.225
14.325
14.8
14.35
14.85
13.7
12.275
10.275
9.15
7.05
6.3
6.175
5.525
6.125
8.225
12.55
13.775
14.525
14.425
14.95
15.1
14.75
15.4
15.05
15.075
14.8
14.975
15.175
15.6
14.675
14.975
14.05
14.275
15.6
14.75
13.55
13
12.625
8.375
4.125
3.225
3.6

9.925
10.3
10.425
10.875
11.75
11.3
11.175
10.975
11.4
11.625
11.775
12.3
11.675
12.3
12.575
12.2
13.325
12.95
12.575
13.025
12.925
10.275
12.95
13.7
11.1
12.825
13.575
13.825
13.6
13.35
14.075
14.6
15.15
14.575
14.8
15.275
16
15.3
15.225
15.15
15.4
15.55
14.95
14.825
14.775
14.8
15.5
15.7
15.8
15.6
15.425
16.15
16.175
15.45
14.9
15.5
15.625
15.525
15.45
14.775
15.175
14.95
14.375
14.3
14.325
12.975
11.45
10.075
9.3
7.65
7.95
9.25
11.475
14.05
14.325
15
14.65
15.45
15.225
15
15.325
15.025
14.75
15.275
14.975
15.125
15.55
14.35
15.125
15.075
15.425
15.15
14.8
14.125
14.025
13.975
10.625
5.075
3.875
3.175

11.425
12.175
11.25
12.125
12.1
12.625
12.425
12.25
12.275
13.225
12.65
12.95
13.475
13.05
13.6
13.425
12.875
13.175
13.425
14.2
13.25
12.9
11.925
13.825
13.95
14.55
12.875
13.6
14.25
14.375
14.2
13.975
14.75
14.725
15.325
15.2
15.7
16.575
14.875
14.95
15.625
14.925
15.3
14.65
15.35
15.425
15.875
15.7
15.75
15.775
15.4
15.8
16.25
16.225
15.425
15.025
15.3
15.575
15.025
15
14.75
14.95
14.875
14.3
14.575
13.475
13.075
13.225
11.875
10.75
10.575
11.675
14
14.675
15
14.875
14.475
15.125
14.975
15.6
15.35
15.3
14.85
15.4
15.525
15.875
15.05
15.65
15.25
15.475
15.5
15.7
15.15
15
14.225
13.975
12.4
6.3
3.95
3.9

