6
9
4
9
7
5
7
8
10
8
7
10
7
8
8
7
8
5
4
11
11
5
10
9
7
5
8
3
10
11
5
15
7
9
3
9
5
9
7
12
12
11
10
5
6
8
6
9
6
7
4
5
10
10
14
6
4
12
8
9
6
5
7
8
8
12
5
10
8
10
5
8
8
7
3
4
10
10
4
7
7
2
13
4
11
6
3
11
7
7
8
6
9
8
11
9
11
10
10
5

9
8
10
11
8
4
9
6
10
3
12
8
9
6
12
9
10
7
8
7
9
8
16
8
7
13
10
8
8
8
10
8
9
7
6
6
13
6
13
9
10
5
7
6
9
10
5
7
9
7
6
9
11
10
7
8
7
6
9
4
4
10
10
7
7
9
4
12
7
8
9
2
7
10
3
7
12
9
5
10
10
10
5
9
9
9
2
14
12
7
4
5
11
8
11
8
14
4
8
10

5
8
8
4
12
8
6
4
13
6
6
7
10
11
6
7
8
12
9
6
9
6
10
12
9
8
10
8
6
3
9
16
9
10
8
4
9
9
6
8
6
5
9
8
12
9
5
3
9
6
8
10
6
9
11
7
13
8
8
5
12
6
4
4
8
10
6
7
11
6
3
12
6
8
9
12
10
7
9
5
7
15
8
10
9
7
5
10
8
12
12
9
10
9
6
6
8
9
7
12

7
9
11
11
8
8
7
6
8
11
4
9
5
5
10
9
6
14
9
6
8
10
11
6
11
3
5
5
6
5
5
7
10
9
10
7
4
9
6
6
8
6
7
4
5
4
8
7
4
8
8
9
8
10
9
4
5
9
7
10
6
8
13
4
11
4
12
4
7
6
9
9
6
11
9
3
10
9
10
8
4
8
6
6
5
11
8
6
13
15
12
8
7
11
5
8
10
13
12
13

9
6
7
8
9
8
4
8
7
4
11
5
2
10
9
7
4
8
7
11
8
14
10
8
3
4
3
10
4
12
9
8
10
5
9
9
10
8
6
8
11
3
7
8
9
9
8
10
11
17
12
13
15
14
14
10
6
5
8
10
13
7
11
7
9
8
5
12
11
9
12
7
4
10
10
12
7
6
3
7
7
9
9
16
4
6
2
7
7
7
8
5
10
10
5
8
4
8
8
4

13
6
6
5
11
7
10
8
4
6
7
5
7
9
13
6
8
6
11
6
2
13
11
6
8
12
10
8
4
6
7
5
5
7
10
6
6
9
12
9
5
10
11
12
12
20
10
13
16
17
13
15
8
15
18
10
13
9
4
9
7
7
8
9
9
7
14
7
5
9
7
10
11
8
6
7
7
9
6
13
11
5
11
6
11
15
12
9
8
6
11
10
7
6
6
9
6
3
6
7

9
8
13
6
14
6
11
3
8
10
6
12
7
8
10
15
5
7
5
9
10
9
8
7
4
5
12
5
10
6
10
7
7
5
14
4
7
5
14
18
18
14
8
17
10
16
16
21
26
21
14
22
24
26
22
14
13
16
16
11
7
10
7
12
4
5
4
10
12
5
7
5
7
13
3
10
8
8
10
10
12
6
9
10
5
5
8
9
8
6
6
8
7
9
3
6
9
8
8
8

13
11
9
11
8
7
15
11
7
7
9
10
7
16
8
10
8
13
15
5
14
10
8
11
8
5
9
12
4
10
4
6
10
8
6
17
12
13
20
12
13
15
24
25
24
19
23
30
21
25
36
35
30
33
26
28
16
16
15
13
10
9
4
6
11
10
8
4
8
5
12
6
6
5
8
9
4
7
12
5
7
10
11
8
8
6
7
11
8
11
13
7
11
8
4
10
11
6
9
11

12
9
12
9
9
11
9
9
6
10
10
8
16
12
15
6
8
7
10
11
9
12
10
10
8
11
5
8
11
12
12
10
6
7
14
8
21
18
17
19
21
18
20
25
33
31
25
32
29
37
40
41
46
30
35
33
18
21
13
7
8
13
9
8
5
11
7
10
4
5
7
7
7
11
4
8
3
7
13
13
14
12
9
7
7
5
11
9
7
10
9
15
7
12
4
8
5
7
6
7

10
14
10
14
9
10
10
16
13
4
11
9
10
11
11
10
15
11
10
9
11
5
14
8
9
9
6
10
7
9
10
14
12
12
16
17
26
19
29
24
25
25
29
35
24
37
37
25
43
41
53
44
50
47
55
43
41
31
23
15
11
11
7
8
12
10
6
5
7
16
7
4
13
5
8
3
8
10
11
18
14
10
13
9
15
13
20
8
15
14
9
7
11
12
4
10
17
6
7
10

13
17
9
7
7
8
7
10
13
10
8
16
20
9
9
10
14
13
17
21
9
10
8
12
9
14
12
14
5
9
10
10
15
15
21
18
19
36
33
34
33
37
40
30
42
43
44
49
45
63
53
49
50
57
57
50
46
30
33
13
18
15
8
12
11
6
11
11
10
7
13
9
8
9
12
5
14
10
13
8
18
21
16
18
16
17
14
13
13
8
7
14
16
14
5
5
10
11
7
4

6
9
10
17
7
17
15
19
14
13
12
14
16
15
24
16
22
12
9
17
18
13
16
13
17
24
15
14
13
16
18
13
13
20
20
28
29
34
49
40
48
55
44
45
40
63
53
52
52
66
78
90
80
71
67
71
54
48
35
27
22
14
8
7
10
9
13
8
9
7
15
13
12
7
18
16
23
12
19
25
17
22
18
24
22
27
16
22
20
18
21
16
11
10
8
8
11
10
7
9

13
14
15
15
14
14
10
15
15
15
13
18
14
20
20
14
19
14
22
18
19
17
18
18
21
20
16
25
22
20
22
23
24
20
26
30
40
30
39
34
54
71
64
50
73
78
72
79
81
76
87
71
84
89
78
78
65
55
50
40
27
19
19
19
10
3
10
10
14
6
11
15
9
9
16
27
22
19
31
27
30
35
32
29
24
23
27
25
22
22
20
20
10
15
13
10
8
5
7
11

20
22
17
23
13
17
20
19
22
16
19
20
16
23
20
21
26
18
22
20
20
19
22
25
29
21
10
22
18
23
22
27
24
31
25
34
39
52
55
61
57
65
77
86
71
57
77
86
89
98
113
107
84
103
104
91
81
63
62
43
39
29
17
17
8
10
11
2
10
8
11
4
12
8
18
15
25
31
34
29
38
26
35
45
37
30
44
31
29
24
25
24
16
12
13
12
6
6
10
7

26
24
19
14
22
16
31
23
21
27
19
26
29
26
31
21
21
23
42
23
27
17
28
24
21
22
24
34
24
26
35
31
23
28
40
39
56
45
63
77
76
73
69
78
85
81
90
108
107
102
91
99
125
106
114
97
97
88
65
62
34
39
19
16
18
14
4
14
4
7
7
10
8
17
23
24
37
41
48
36
53
50
40
43
48
37
34
39
35
38
25
19
14
21
12
12
11
4
9
9

