13
3
5
6
4
9
5
12
2
4
3
4
8
8
7
4
39
5
15
4
9
12
7
5
3
21
13
6
8
11
4
7
4
10
6
14
3
3
6
13
5
4
16
9
22
4
6
5
13
16
23
32
39
20
13
24
11
14
3
13
3
5
3
29
17
13
13
8
7
8
6
19
6
10
6
10
7
8
16
15
4
32
12
36
7
6
9
10
9
6
6
10
13
5
6
6
7
6
11
6

26
9
12
11
8
24
10
25
10
8
4
10
14
16
15
12
79
10
39
7
15
29
14
12
14
41
26
9
23
18
6
11
10
12
13
24
6
9
14
33
28
17
34
19
44
27
36
31
60
77
109
123
136
109
94
73
25
31
5
25
8
8
7
65
25
25
24
15
12
11
14
35
10
28
10
17
14
19
31
36
12
66
28
87
10
10
15
25
25
12
10
24
27
7
17
11
11
12
19
11

38
15
21
19
12
35
20
39
16
11
13
14
17
25
26
20
115
20
55
18
24
39
24
19
19
57
48
14
36
22
9
15
20
17
16
40
18
24
49
89
87
74
92
69
101
88
123
126
187
219
260
274
279
231
226
198
73
53
11
30
11
11
10
101
35
45
40
20
15
15
19
48
16
36
15
25
19
33
41
50
19
119
42
120
17
15
21
40
31
15
18
36
41
15
25
21
15
19
27
13

51
19
32
23
21
48
24
50
21
16
24
24
23
26
39
28
147
27
75
30
32
53
35
26
25
85
70
21
49
28
12
23
24
28
21
63
34
81
130
185
195
193
210
179
221
211
271
284
356
404
450
449
452
389
384
356
183
130
27
43
18
17
13
137
47
58
53
29
22
21
22
60
18
47
19
32
34
62
71
82
41
168
57
171
27
27
39
72
51
27
26
54
48
18
31
25
21
23
41
19

62
24
41
28
29
59
27
63
27
24
30
31
32
32
52
40
192
40
97
36
45
71
42
30
33
109
94
27
67
37
19
36
37
36
37
104
70
171
258
328
340
349
376
335
389
381
455
463
544
601
642
634
635
556
565
535
320
244
68
58
25
22
16
162
59
77
62
36
26
29
29
69
22
62
24
50
73
135
134
159
114
265
120
245
68
74
87
135
95
77
57
71
64
25
34
27
25
30
58
30

79
28
46
38
38
77
35
81
43
35
50
49
44
48
77
65
245
68
137
59
66
96
55
45
45
135
121
41
91
55
34
61
59
50
69
187
159
302
406
488
495
508
541
497
552
554
631
646
724
795
831
821
825
745
748
729
474
394
173
111
38
28
21
192
67
88
80
41
30
35
34
81
26
75
36
105
168
262
262
303
253
412
239
365
169
182
193
252
197
173
136
122
94
30
42
27
34
38
71
35

94
39
61
51
60
112
56
113
59
57
73
75
67
74
126
101
310
104
188
97
105
131
94
73
79
186
164
75
134
103
80
123
118
106
149
308
285
465
579
673
673
678
731
671
713
727
809
828
910
991
1026
1012
1018
936
940
931
656
548
306
214
81
41
29
228
78
99
89
49
37
43
38
95
28
84
70
193
310
431
433
482
434
600
415
547
319
342
349
412
354
322
247
223
161
48
49
32
41
43
80
42

120
51
80
68
86
145
88
154
103
91
111
117
103
126
183
163
402
183
267
164
174
201
160
143
135
255
239
135
216
180
172
217
220
204
275
468
444
644
771
869
861
862
913
846
880
908
987
1020
1094
1183
1217
1209
1220
1131
1134
1129
842
738
473
362
185
89
46
265
92
108
101
55
44
50
45
112
33
96
137
317
484
637
619
673
624
803
604
742
496
518
534
593
528
508
399
370
276
112
88
42
50
47
86
48

151
82
113
105
126
194
135
212
155
148
166
185
167
203
266
252
511
270
372
252
267
299
248
229
223
346
342
231
322
289
290
338
350
342
410
628
601
816
952
1053
1041
1032
1093
1016
1058
1086
1168
1204
1280
1382
1418
1409
1426
1326
1337
1337
1038
924
642
527
320
186
103
300
109
120
113
62
49
54
52
124
38
111
231
463
684
845
819
879
823
1023
806
957
688
723
728
801
724
715
588
538
422
221
167
66
61
51
99
56

197
132
168
169
195
275
204
301
239
220
246
267
255
304
377
361
642
385
499
369
375
417
365
336
329
475
474
352
457
420
431
488
505
498
564
787
762
994
1135
1244
1239
1205
1280
1189
1244
1262
1356
1389
1464
1573
1610
1609
1641
1522
1541
1544
1220
1082
801
697
480
316
219
352
138
138
131
71
53
60
58
143
53
148
360
628
886
1054
1027
1079
1017
1240
1009
1171
887
925
931
1007
932
920
780
729
606
364
288
131
83
60
110
62

269
204
241
246
277
359
289
401
328
327
352
370
363
407
504
479
783
514
644
502
510
544
496
473
454
629
617
493
608
577
592
654
673
667
730
967
947
1180
1322
1430
1433
1386
1475
1370
1424
1446
1532
1563
1648
1764
1815
1811
1848
1726
1746
1755
1407
1261
964
857
647
465
364
455
219
175
158
84
62
68
65
159
98
218
516
800
1087
1259
1222
1277
1213
1451
1199
1380
1075
1123
1134
1226
1138
1122
977
926
798
535
429
241
124
77
118
67

361
298
331
342
385
482
402
521
442
444
475
498
489
541
643
618
946
656
802
651
661
700
646
628
605
797
782
647
779
744
758
821
852
840
902
1134
1116
1357
1499
1613
1628
1567
1658
1544
1595
1626
1686
1731
1821
1962
2015
2009
2063
1933
1956
1979
1607
1449
1121
1012
810
617
531
608
350
277
226
134
87
85
81
189
183
318
697
962
1280
1463
1422
1474
1409
1660
1393
1585
1264
1317
1328
1431
1333
1319
1173
1123
994
715
604
388
206
104
141
71

453
405
431
447
498
606
522
647
569
571
609
634
633
676
797
770
1104
805
963
810
812
858
802
788
765
965
960
809
968
918
935
992
1027
1013
1067
1294
1268
1522
1663
1792
1817
1745
1841
1716
1762
1802
1844
1898
1999
2152
2204
2208
2269
2139
2159
2195
1803
1642
1288
1173
973
788
702
775
501
418
352
236
151
136
122
246
297
459
877
1138
1473
1666
1626
1681
1606
1872
1592
1802
1453
1514
1526
1634
1529
1516
1352
1318
1192
907
792
554
336
149
149
72

552
521
541
561
615
738
646
775
702
705
747
771
767
814
946
921
1268
959
1130
963
950
1000
958
943
917
1146
1137
988
1159
1086
1103
1156
1202
1189
1221
1458
1425
1693
1842
1980
2009
1919
2025
1882
1932
1969
2011
2095
2193
2353
2421
2417
2489
2350
2360
2419
2000
1846
1466
1352
1129
946
877
952
670
580
508
372
268
238
220
353
444
618
1053
1308
1668
1864
1823
1872
1813
2076
1788
2016
1657
1712
1735
1839
1727
1713
1529
1514
1386
1105
982
732
489
215
165
80

661
638
653
687
729
870
773
913
829
841
884
908
906
959
1100
1071
1434
1114
1294
1122
1098
1153
1099
1093
1074
1319
1313
1155
1335
1250
1261
1313
1354
1349
1371
1621
1591
1858
2018
2168
2211
2110
2219
2053
2099
2137
2188
2290
2390
2556
2630
2626
2709
2565
2569
2640
2203
2055
1656
1533
1302
1109
1064
1142
846
757
687
530
418
381
357
501
625
800
1251
1490
1862
2063
2014
2065
2005
2283
1983
2233
1849
1906
1933
2044
1913
1913
1710
1714
1588
1305
1165
914
650
314
181
88

