# Tstellate cell raster plot
0 0 0     40.900
0 0 0     54.400
0 0 0     72.800
1 0 1     21.300
1 0 1     40.400
1 0 1     62.100
1 0 1     72.100
2 0 2      5.500
2 0 2     45.300
2 0 2     56.200
3 0 3     14.700
3 0 3     42.500
3 0 3     57.500
4 0 4      5.500
4 0 4     20.100
4 0 4     44.700
4 0 4     57.200
4 0 4     71.400
5 0 5      6.600
6 0 6     10.900
6 0 6     15.600
7 0 7     54.600
7 0 7     65.400
8 0 8      4.200
8 0 8     13.900
8 0 8     65.100
9 0 9     58.900
11 0 11     51.500
11 0 11     77.600
12 0 12     11.800
12 0 12     30.500
12 0 12     59.100
13 0 13     18.000
13 0 13     23.400
13 0 13     34.900
13 0 13     69.300
14 0 14     18.400
14 0 14     67.200
15 0 15     13.200
15 0 15     30.200
16 0 16     15.500
16 0 16     18.400
16 0 16     34.500
16 0 16     73.100
17 0 17     17.500
17 0 17     40.600
17 0 17     62.600
18 0 18     54.600
18 0 18     73.600
19 0 19     27.500
19 0 19     44.400
20 0 20     10.800
20 0 20     40.500
20 0 20     70.600
21 0 21     26.200
21 0 21     34.600
24 0 24     42.200
24 0 24     72.500
25 0 25     15.200
25 0 25     20.700
25 0 25     51.200
25 0 25     77.300
26 0 26     21.000
26 0 26     65.000
27 0 27     10.300
27 0 27     28.000
27 0 27     70.700
28 0 28     44.200
29 0 29      7.700
29 0 29     37.100
29 0 29     65.200
30 0 30     44.600
31 0 31     12.500
31 0 31     30.800
31 0 31     50.800
32 0 32     13.200
32 0 32     49.900
32 0 32     68.400
33 0 33     17.400
34 0 34      7.600
34 0 34     57.100
35 0 35     26.000
35 0 35     55.600
36 0 36     48.400
37 0 37     48.700
38 0 38     15.000
38 0 38     47.600
40 0 40     13.300
40 0 40     51.700
42 0 42     35.600
42 0 42     56.900
42 0 42     65.300
43 0 43     25.900
43 0 43     34.700
43 0 43     73.900
44 0 44     23.000
44 0 44     28.700
44 0 44     34.700
44 0 44     54.500
44 0 44     59.700
44 0 44     71.100
45 0 45      9.100
45 0 45     26.100
45 0 45     34.600
45 0 45     41.000
45 0 45     54.100
45 0 45     57.300
45 0 45     63.100
45 0 45     67.300
45 0 45     73.000
46 0 46     26.000
46 0 46     29.300
46 0 46     35.000
46 0 46     37.400
46 0 46     43.200
46 0 46     47.100
46 0 46     55.100
46 0 46     58.400
46 0 46     64.000
46 0 46     70.300
46 0 46     75.100
47 0 47     26.000
47 0 47     30.100
47 0 47     34.800
47 0 47     37.700
47 0 47     40.700
47 0 47     43.700
47 0 47     47.800
47 0 47     52.100
47 0 47     57.500
47 0 47     59.500
47 0 47     64.200
47 0 47     67.800
47 0 47     71.200
48 0 48     25.700
48 0 48     29.000
48 0 48     33.000
48 0 48     35.500
48 0 48     39.300
48 0 48     42.800
48 0 48     46.900
48 0 48     52.500
48 0 48     57.400
48 0 48     61.900
48 0 48     64.300
48 0 48     67.800
48 0 48     71.000
48 0 48     73.300
49 0 49     25.600
49 0 49     28.900
49 0 49     32.600
49 0 49     35.000
49 0 49     39.000
49 0 49     43.900
49 0 49     46.900
49 0 49     49.600
49 0 49     56.400
49 0 49     59.000
49 0 49     62.300
49 0 49     66.500
49 0 49     70.500
50 0 50     18.400
50 0 50     25.700
50 0 50     29.100
50 0 50     32.400
50 0 50     36.700
50 0 50     39.900
50 0 50     43.500
50 0 50     46.800
50 0 50     52.100
50 0 50     54.700
50 0 50     57.700
50 0 50     60.400
50 0 50     63.600
50 0 50     67.600
50 0 50     72.000
50 0 50     77.200
51 0 51     25.500
51 0 51     29.500
51 0 51     32.400
51 0 51     37.800
51 0 51     41.800
51 0 51     44.500
51 0 51     47.900
51 0 51     53.200
51 0 51     56.800
51 0 51     59.900
51 0 51     63.700
51 0 51     68.300
51 0 51     72.700
52 0 52     12.500
52 0 52     25.400
52 0 52     29.200
52 0 52     33.100
52 0 52     37.500
52 0 52     40.300
52 0 52     44.200
52 0 52     47.600
52 0 52     50.500
52 0 52     52.600
52 0 52     57.100
52 0 52     59.400
52 0 52     66.900
52 0 52     69.600
53 0 53     25.400
53 0 53     28.800
53 0 53     30.900
53 0 53     34.200
53 0 53     38.600
53 0 53     42.200
53 0 53     46.500
53 0 53     49.300
53 0 53     53.100
53 0 53     56.700
53 0 53     59.900
53 0 53     65.000
53 0 53     68.300
53 0 53     71.000
53 0 53     74.400
54 0 54     11.000
54 0 54     25.500
54 0 54     30.000
54 0 54     32.900
54 0 54     36.100
54 0 54     39.000
54 0 54     43.000
54 0 54     47.600
54 0 54     50.600
54 0 54     53.700
54 0 54     57.500
54 0 54     60.900
54 0 54     65.700
54 0 54     69.300
54 0 54     72.700
54 0 54     75.400
55 0 55     25.500
55 0 55     28.200
55 0 55     32.100
55 0 55     39.100
55 0 55     42.900
55 0 55     45.100
55 0 55     48.800
55 0 55     52.700
55 0 55     56.400
55 0 55     60.100
55 0 55     65.000
55 0 55     68.800
55 0 55     75.100
56 0 56     25.400
56 0 56     30.100
56 0 56     32.300
56 0 56     36.300
56 0 56     39.800
56 0 56     42.700
56 0 56     47.500
56 0 56     50.900
56 0 56     58.000
56 0 56     61.700
56 0 56     66.000
56 0 56     71.400
57 0 57     11.000
57 0 57     25.600
57 0 57     28.100
57 0 57     31.800
57 0 57     34.900
57 0 57     38.400
57 0 57     43.200
57 0 57     45.600
57 0 57     49.700
57 0 57     52.800
57 0 57     56.800
57 0 57     60.700
57 0 57     66.400
57 0 57     71.000
58 0 58     21.700
58 0 58     25.700
58 0 58     30.000
58 0 58     36.500
58 0 58     41.100
58 0 58     44.900
58 0 58     48.900
58 0 58     52.200
58 0 58     55.100
58 0 58     58.500
58 0 58     64.500
58 0 58     70.200
58 0 58     73.900
59 0 59     13.300
59 0 59     24.700
59 0 59     27.000
59 0 59     30.600
59 0 59     35.500
59 0 59     39.200
59 0 59     43.400
59 0 59     45.900
59 0 59     49.700
59 0 59     53.800
59 0 59     58.900
59 0 59     65.200
59 0 59     68.800
59 0 59     73.400
60 0 60     27.200
60 0 60     34.800
60 0 60     42.200
60 0 60     46.800
60 0 60     53.200
60 0 60     57.300
60 0 60     66.300
60 0 60     71.000
61 0 61     33.300
61 0 61     50.100
61 0 61     59.500
61 0 61     69.600
62 0 62     14.700
62 0 62     32.900
62 0 62     51.900
62 0 62     64.700
62 0 62     70.200
62 0 62     79.300
63 0 63      4.300
63 0 63     22.800
63 0 63     68.300
64 0 64      7.900
64 0 64     16.200
64 0 64     67.800
65 0 65     13.800
65 0 65     44.400
65 0 65     62.000
65 0 65     68.500
67 0 67     28.500
67 0 67     56.000
68 0 68     43.300
69 0 69     76.600
70 0 70     32.100
70 0 70     52.400
70 0 70     59.800
70 0 70     64.200
71 0 71     26.900
71 0 71     77.400
72 0 72     24.500
72 0 72     31.800
72 0 72     43.300
72 0 72     48.300
72 0 72     63.900
72 0 72     75.100
73 0 73     43.100
73 0 73     48.800
73 0 73     70.400
74 0 74     49.500
74 0 74     55.400
74 0 74     78.500
75 0 75     48.200
75 0 75     75.900
76 0 76     16.800
76 0 76     56.800
77 0 77     39.200
77 0 77     62.700
77 0 77     71.100
78 0 78     54.500
78 0 78     60.100
78 0 78     65.900
79 0 79     33.600
79 0 79     67.700
81 0 81     21.700
81 0 81     39.800
81 0 81     71.600
82 0 82     58.500
82 0 82     71.900
82 0 82     79.700
83 0 83      8.900
83 0 83     24.500
83 0 83     31.500
84 0 84      5.300
84 0 84     19.700
84 0 84     75.200
85 0 85      8.500
85 0 85     76.600
86 0 86     35.800
86 0 86     46.900
86 0 86     59.900
87 0 87     34.400
87 0 87     68.000
87 0 87     76.400
88 0 88      5.100
88 0 88      8.700
88 0 88     29.900
88 0 88     49.000
89 0 89     40.000
89 0 89     54.700
89 0 89     69.400
90 0 90     15.600
90 0 90     70.100
91 0 91     17.300
91 0 91     31.500
91 0 91     52.700
91 0 91     70.100
91 0 91     75.300
93 0 93      9.300
93 0 93     51.000
94 0 94     42.000
94 0 94     78.400
95 0 95     20.400
95 0 95     33.400
95 0 95     70.700
96 0 96     21.100
97 0 97     29.100
97 0 97     41.200
98 0 98     21.600
98 0 98     31.900
98 0 98     46.200
98 0 98     77.100
99 0 99     18.100
99 0 99     45.400
99 0 99     71.400
