# TStellate2_CS Optimisation
# 20130829+01:37:43
 
#param.w.x[lsr][ts] = 0.0017991	[1e-07,0.3]
#param.w.x[hsr][ts] = 0.0004908	[1e-07,0.3]
#param.w.x[ds][ts] = 7.3372e-05	[1e-07,0.3]
#param.w.x[tv][ts] = 0.00017319	[1e-07,0.3]
#param.w.x[glg][ts] = 8.9534e-06	[1e-07,0.3]
# final error=26.427777
# Threshold level 20 
# Threshold rate 525 
# TS exemplar RMP -60.9
# TS exemplar CF 9100
# CV RMS errors:	
# Penalties :	
# IV RMS errors:	
# IV Penalties :	
# Final Error  26.4278   26.4278
# Time	 IV @spl=20 (mV)	 IV @spl=30 (mV)	 IV @spl=40 (mV)
-20.00	-65.000000	-65.000000	-65.000000
-19.90	-64.766934	-64.766934	-64.766934
-19.80	-64.545736	-64.545736	-64.545736
-19.70	-64.335646	-64.335646	-64.335646
-19.60	-64.136115	-64.136115	-64.136115
-19.50	-63.946649	-63.946649	-63.946649
-19.40	-63.766647	-63.766647	-63.766647
-19.30	-63.595652	-63.595652	-63.595652
-19.20	-63.433250	-63.433250	-63.433250
-19.10	-63.279047	-63.279047	-63.279047
-19.00	-63.132590	-63.132590	-63.132590
-18.90	-62.993458	-62.993458	-62.993458
-18.80	-62.861308	-62.861308	-62.861308
-18.70	-62.735827	-62.735827	-62.735827
-18.60	-62.616717	-62.616717	-62.616717
-18.50	-62.503695	-62.503695	-62.503695
-18.40	-62.396372	-62.396372	-62.396372
-18.30	-62.294460	-62.294460	-62.294460
-18.20	-62.197712	-62.197712	-62.197712
-18.10	-62.105895	-62.105895	-62.105895
-18.00	-62.018788	-62.018788	-62.018788
-17.90	-61.936179	-61.936179	-61.936179
-17.80	-61.857864	-61.857864	-61.857864
-17.70	-61.783649	-61.783649	-61.783649
-17.60	-61.713277	-61.713277	-61.713277
-17.50	-61.646526	-61.646526	-61.646526
-17.40	-61.583227	-61.583227	-61.583227
-17.30	-61.523219	-61.523219	-61.523219
-17.20	-61.466349	-61.466349	-61.466349
-17.10	-61.412473	-61.392661	-61.407036
-17.00	-61.361448	-61.322223	-61.352145
-16.90	-61.313182	-61.260212	-61.301124
-16.80	-61.267533	-61.199511	-61.248124
-16.70	-61.213527	-61.145903	-61.194373
-16.60	-61.159580	-61.081822	-61.146153
-16.50	-61.106305	-61.011012	-61.080940
-16.40	-61.059560	-60.941713	-61.004194
-16.30	-61.007412	-60.863483	-60.925489
-16.20	-60.951921	-60.779582	-60.851435
-16.10	-60.889251	-60.698267	-60.749288
-16.00	-60.816775	-60.619183	-60.638590
-15.90	-60.743458	-60.542297	-60.528268
-15.80	-60.664720	-60.451842	-60.419531
-15.70	-60.583011	-60.363372	-60.297355
-15.60	-60.499890	-60.277337	-60.198060
-15.50	-60.381370	-60.199504	-60.121801
-15.40	-60.236696	-60.127961	-60.041646
-15.30	-60.100871	-60.050909	-59.944288
-15.20	-59.972006	-59.976350	-59.866977
-15.10	-59.876182	-59.883302	-59.784055
-15.00	-59.779079	-59.799436	-59.708446
-14.90	-59.687254	-59.707370	-59.622822
-14.80	-59.600765	-59.604804	-59.540834
-14.70	-59.518492	-59.522163	-59.458095
-14.60	-59.449959	-59.449471	-59.380245
-14.50	-59.355961	-59.374384	-59.280172
-14.40	-59.265013	-59.276752	-59.170911
-14.30	-59.171429	-59.170437	-59.061302
-14.20	-59.087067	-59.057948	-58.968249
-14.10	-59.010914	-58.940702	-58.849989
-14.00	-58.914574	-58.806549	-58.750337
-13.90	-58.805590	-58.697011	-58.670224
-13.80	-58.700106	-58.616121	-58.600444
-13.70	-58.608533	-58.536290	-58.514409
-13.60	-58.526731	-58.483407	-58.458101
-13.50	-58.458779	-58.424968	-58.402538
-13.40	-58.384413	-58.367842	-58.342407
-13.30	-58.342747	-58.322070	-58.269014
-13.20	-58.309961	-58.290567	-58.202638
-13.10	-58.264058	-58.247606	-58.125492
-13.00	-58.205173	-58.201861	-58.054411
-12.90	-58.140682	-58.132062	-57.998627
-12.80	-58.023705	-58.055057	-57.907427
-12.70	-57.927462	-57.977081	-57.794473
-12.60	-57.845054	-57.886817	-57.675794
-12.50	-57.762460	-57.757766	-57.543157
-12.40	-57.674434	-57.593332	-57.280372
-12.30	-57.599168	-57.299982	-56.875847
-12.20	-57.537714	-57.057190	-56.758576
-12.10	-57.455631	-56.975219	-56.679948
-12.00	-57.373671	-57.122936	-56.889677
-11.90	-57.295579	-57.320323	-57.003818
-11.80	-57.227463	-57.441391	-57.003853
-11.70	-57.160803	-57.475339	-56.817908
-11.60	-57.059344	-57.434981	-56.525947
-11.50	-56.892403	-57.391341	-56.416114
-11.40	-56.496932	-57.323853	-56.426343
-11.30	-56.464304	-57.242776	-56.582240
-11.20	-56.448847	-57.153460	-56.559738
-11.10	-56.724746	-57.038090	-56.402281
-11.00	-56.962211	-56.917074	-56.402626
-10.90	-57.060507	-56.698288	-56.556739
-10.80	-57.064883	-56.398432	-56.809687
-10.70	-57.018929	-56.368454	-56.975346
-10.60	-56.964124	-56.434904	-57.041395
-10.50	-56.848743	-56.700147	-57.006523
-10.40	-56.631171	-56.920869	-56.837269
-10.30	-56.382461	-57.033866	-56.631315
-10.20	-56.375237	-57.077837	-56.650358
-10.10	-56.521468	-57.063495	-56.784298
-10.00	-56.761854	-57.037212	-57.036374
-9.90	-56.909077	-57.011950	-57.228371
-9.80	-56.954365	-56.940444	-57.308704
-9.70	-56.934145	-56.858067	-57.318133
-9.60	-56.871851	-56.773350	-57.298699
-9.50	-56.767839	-56.611660	-57.287024
-9.40	-56.594486	-56.264415	-57.272331
-9.30	-56.321708	-56.231748	-57.260913
-9.20	-56.293560	-56.194850	-57.232937
-9.10	-56.353913	-56.457440	-57.156667
-9.00	-56.610824	-56.628868	-57.089596
-8.90	-56.759116	-56.673150	-57.033068
-8.80	-56.828097	-56.503431	-56.971593
-8.70	-56.803768	-56.419848	-56.924209
-8.60	-56.652674	-56.399454	-56.887540
-8.50	-56.364068	-56.603649	-56.875934
-8.40	-56.313103	-56.776209	-56.877896
-8.30	-56.204984	-56.877527	-56.865360
-8.20	-56.205832	-56.898254	-56.860582
-8.10	-56.456739	-56.836720	-56.848455
-8.00	-56.599499	-56.674959	-56.835989
-7.90	-57.006177	-56.127731	-56.781563
-7.80	-57.301729	-55.961184	-56.732553
-7.70	-57.481158	-55.949687	-56.684703
-7.60	-57.559072	-56.436663	-56.664606
-7.50	-57.583865	-56.986378	-56.668693
-7.40	-57.575516	-57.355920	-56.621869
-7.30	-57.567118	-57.507961	-56.550898
-7.20	-57.519614	-57.540475	-56.460007
-7.10	-57.455164	-57.528926	-56.367074
-7.00	-57.398463	-57.488798	-56.261191
-6.90	-57.363805	-57.440946	-56.142123
-6.80	-57.325991	-57.334557	-55.953400
-6.70	-57.300438	-57.219571	-55.584330
-6.60	-57.298098	-57.059033	-55.305533
-6.50	-57.268062	-56.745079	-55.024381
-6.40	-57.223453	-56.664297	-54.804034
-6.30	-57.142798	-56.559573	-54.756848
-6.20	-57.089928	-56.710411	-54.926668
-6.10	-57.025986	-56.688970	-55.259403
-6.00	-56.988285	-56.338556	-55.795028
-5.90	-56.961279	-56.177007	-56.037903
-5.80	-56.942413	-56.158483	-55.930167
-5.70	-56.915320	-56.564168	-55.900010
-5.60	-56.901577	-56.986318	-55.907182
-5.50	-56.869010	-57.283798	-56.138814
-5.40	-56.848579	-57.440371	-56.359198
-5.30	-56.831734	-57.511874	-56.450937
-5.20	-56.797964	-57.522436	-56.415164
-5.10	-56.781008	-57.523021	-56.214361
-5.00	-56.765156	-57.508203	-55.961441
-4.90	-56.756111	-57.472072	-55.843384
-4.80	-56.751754	-57.402054	-55.824014
-4.70	-56.749881	-57.297753	-55.775256
-4.60	-56.754595	-57.162366	-55.871308
-4.50	-56.748409	-56.976401	-55.936602
-4.40	-56.736084	-56.603391	-56.234503
-4.30	-56.704462	-56.512305	-56.494454
-4.20	-56.666605	-56.412155	-56.630616
-4.10	-56.628439	-56.572100	-56.618400
-4.00	-56.521940	-56.517420	-56.481688
-3.90	-56.261014	-56.183475	-56.306630
-3.80	-56.087838	-55.883495	-56.253017
-3.70	-55.862806	-55.885811	-56.342443
-3.60	-55.999893	-56.236085	-56.511198
-3.50	-56.252297	-56.829608	-56.568262
-3.40	-56.666670	-57.228618	-56.479982
-3.30	-57.027608	-57.473451	-56.316865
-3.20	-57.261427	-57.577341	-56.321084
-3.10	-57.388357	-57.613011	-56.411579
-3.00	-57.441056	-57.639330	-56.636375
-2.90	-57.438963	-57.652325	-56.712752
-2.80	-57.443507	-57.623473	-56.571878
-2.70	-57.431042	-57.578596	-56.435195
-2.60	-57.405416	-57.490555	-56.442755
-2.50	-57.386617	-57.399737	-56.641713
-2.40	-57.372981	-57.278592	-56.910167
-2.30	-57.374290	-57.144902	-57.117875
-2.20	-57.337204	-56.964074	-57.240714
-2.10	-57.305355	-56.602573	-57.270073
-2.00	-57.262176	-56.539570	-57.271349
-1.90	-57.211274	-56.476997	-57.231687
-1.80	-57.159753	-56.676325	-57.133850
-1.70	-57.120731	-56.815221	-56.946683
-1.60	-57.050800	-56.820317	-56.670552
-1.50	-56.987476	-56.637378	-56.637380
-1.40	-56.919604	-56.267899	-56.670366
-1.30	-56.871635	-55.893656	-56.936146
-1.20	-56.841624	-55.909219	-57.115725
-1.10	-56.808272	-56.120718	-57.233303
-1.00	-56.757244	-56.511850	-57.283849
-0.90	-56.691406	-56.743941	-57.297314
-0.80	-56.613947	-56.751522	-57.299336
-0.70	-56.498064	-56.426682	-57.266507
-0.60	-56.243570	-56.102227	-57.215597
-0.50	-55.961517	-56.085887	-57.142627
-0.40	-55.752281	-56.437396	-57.041787
-0.30	-55.920413	-56.928133	-56.929635
-0.20	-56.199012	-57.227320	-56.721844
-0.10	-56.608107	-57.268840	-56.383781
0.00	-56.901956	-57.135262	-56.333836
0.10	-57.071617	-57.140037	-56.306994
0.20	-57.153242	-57.174956	-56.633746
0.30	-57.183313	-57.434810	-56.837705
0.40	-57.164361	-57.574101	-56.951997
0.50	-57.150672	-57.631920	-56.991289
0.60	-57.142967	-57.614800	-56.996978
0.70	-57.115106	-57.456170	-56.986880
0.80	-57.092514	-57.224587	-56.995307
0.90	-57.077425	-57.229540	-56.983622
1.00	-57.057645	-57.322610	-56.986046
1.10	-57.016769	-57.601862	-56.990121
1.20	-56.987870	-57.808420	-56.979502
1.30	-56.970592	-57.910710	-56.978030
1.40	-56.951466	-57.953788	-56.963247
1.50	-56.910161	-57.954273	-56.942705
1.60	-56.853822	-57.920259	-56.929017
1.70	-56.789416	-57.894224	-56.930958
1.80	-56.722417	-57.854255	-56.924633
1.90	-56.641452	-57.809850	-56.907319
2.00	-56.535435	-57.767368	-56.877201
2.10	-56.366349	-57.750034	-56.842296
2.20	-56.121320	-57.720142	-56.805516
2.30	-55.655110	-57.694665	-56.773179
2.40	-55.303112	-57.671171	-56.736300
2.50	-55.249987	-57.662574	-56.716742
2.60	-55.499076	-57.633771	-56.666184
2.70	-55.983639	-57.597170	-56.621356
2.80	-56.284781	-57.539292	-56.571451
2.90	-56.435710	-57.459032	-56.515921
3.00	-56.480855	-57.367575	-56.451722
3.10	-56.461354	-57.228730	-56.348566
3.20	-56.340103	-56.899939	-56.071280
3.30	-56.033276	-56.877344	-56.026015
3.40	-55.994337	-56.844874	-56.035441
3.50	-55.943561	-57.105978	-56.318576
3.60	-56.142398	-57.341240	-56.508263
3.70	-56.157851	-57.505658	-56.628530
3.80	-56.078267	-57.613111	-56.667302
3.90	-56.107012	-57.643591	-56.642237
4.00	-56.219914	-57.634019	-56.572787
4.10	-56.378734	-57.560541	-56.499038
4.20	-56.304794	-57.447662	-56.430584
4.30	-55.905601	-57.278489	-56.377017
4.40	-55.936947	-56.952714	-56.298990
4.50	-55.997959	-56.878592	-56.150271
4.60	-56.561468	-56.784433	-55.706179
4.70	-56.999777	-56.851449	-55.442243
4.80	-57.289944	-56.856633	-54.959069
4.90	-57.442724	-56.830659	-54.588796
5.00	-57.501984	-56.697408	-53.719954
5.10	-57.495573	-56.359296	-52.240065
5.20	-57.424167	-55.641673	-50.575222
5.30	-57.150801	-54.363797	-48.546050
5.40	-56.507196	-52.714980	-45.672651
5.50	-55.639623	-50.702061	-40.652729
5.60	-54.209665	-48.132596	-32.332797
5.70	-52.708684	-44.695846	-24.336180
5.80	-50.893238	-38.530973	-22.911631
5.90	-48.962359	-29.690069	-28.231558
6.00	-45.934145	-23.642475	-38.486924
6.10	-40.652907	-24.977744	-48.726099
6.20	-32.900603	-31.879446	-55.663948
6.30	-26.990533	-42.670119	-59.337407
6.40	-25.890713	-52.117304	-61.159086
6.50	-31.032315	-57.878348	-61.956059
6.60	-39.034537	-60.844841	-61.986450
6.70	-47.709379	-62.115940	-61.689801
6.80	-53.846880	-62.696938	-61.277876
6.90	-57.502364	-62.922225	-60.580434
7.00	-59.347016	-62.871126	-59.850452
7.10	-60.224913	-62.724721	-59.113433
7.20	-60.449440	-62.482619	-58.297366
7.30	-60.798617	-62.097105	-57.442022
7.40	-60.872456	-61.637622	-56.508795
7.50	-61.151398	-61.237669	-55.338896
7.60	-61.330932	-60.752403	-53.578614
7.70	-61.347790	-60.062074	-51.671211
7.80	-61.303891	-59.170754	-49.602563
7.90	-61.145807	-58.373855	-48.078957
8.00	-60.836441	-57.556840	-47.161767
8.10	-60.434311	-56.820583	-46.410764
8.20	-60.020292	-55.913100	-46.624248
8.30	-59.612466	-54.798158	-46.717908
8.40	-59.178727	-53.463895	-46.771707
8.50	-58.784700	-52.373484	-46.495913
8.60	-58.367015	-51.085326	-46.259170
8.70	-57.731631	-49.300450	-45.161083
8.80	-56.926809	-46.214396	-45.193141
8.90	-55.915425	-43.435096	-45.591801
9.00	-54.741844	-41.338516	-45.802429
9.10	-53.836517	-40.349531	-46.254435
9.20	-52.696533	-41.879320	-46.505901
9.30	-51.350564	-43.114748	-46.291227
9.40	-49.278113	-44.065118	-47.405878
9.50	-46.872936	-44.851796	-48.459844
9.60	-44.860659	-45.391489	-50.473143
9.70	-42.629324	-46.346595	-52.328072
9.80	-41.545596	-48.556642	-53.491888
9.90	-40.910120	-50.216578	-53.703326
10.00	-41.055456	-51.959197	-53.379446
10.10	-43.371842	-53.344797	-52.926216
10.20	-45.194736	-54.797130	-52.459918
10.30	-47.255612	-55.622693	-52.223011
10.40	-48.822594	-56.365868	-51.804257
10.50	-49.846456	-56.740216	-51.654821
10.60	-51.399888	-57.205456	-51.482457
10.70	-52.919264	-57.419686	-50.724822
10.80	-54.462388	-57.277280	-48.664049
10.90	-55.513527	-56.768683	-46.839909
11.00	-56.120193	-56.104244	-45.059615
11.10	-56.328278	-55.318893	-44.501122
11.20	-56.600799	-54.293910	-44.747181
11.30	-56.648724	-52.972174	-45.179286
11.40	-56.937910	-50.556847	-46.152874
11.50	-56.863950	-48.377196	-47.331901
11.60	-56.630518	-47.194340	-48.482164
11.70	-56.412743	-46.842841	-49.060715
11.80	-55.812481	-47.141603	-49.095577
11.90	-54.997920	-47.634911	-48.840921
12.00	-54.565507	-48.219221	-48.346633
12.10	-53.990729	-48.671353	-48.614695
12.20	-53.580493	-48.701212	-48.830982
12.30	-52.747636	-48.367936	-49.574380
12.40	-52.120791	-47.493150	-50.586636
12.50	-50.947862	-47.073239	-51.397315
12.60	-49.682152	-46.856491	-51.822282
12.70	-48.333523	-46.364801	-51.963863
12.80	-47.108510	-45.694416	-51.567664
12.90	-46.522359	-45.533170	-50.911491
13.00	-47.045100	-46.496631	-50.739414
13.10	-47.470367	-47.854641	-51.007569
13.20	-48.237245	-50.221456	-51.446862
13.30	-48.913232	-51.733633	-51.671107
13.40	-48.942819	-52.963744	-51.143875
13.50	-48.883966	-53.673087	-50.250268
13.60	-49.589802	-54.104973	-49.208613
13.70	-50.656236	-53.846441	-48.384929
13.80	-51.893765	-53.477488	-47.133113
13.90	-53.210338	-52.826992	-46.700627
14.00	-53.289545	-51.877601	-46.134276
14.10	-52.464785	-51.809505	-46.364434
14.20	-52.261842	-51.482218	-47.124164
14.30	-51.896251	-50.601949	-48.031469
14.40	-52.426492	-49.659855	-49.294447
14.50	-53.058695	-48.791438	-49.643458
14.60	-53.066139	-48.774990	-49.552581
14.70	-52.946146	-49.509414	-48.581988
14.80	-52.952432	-50.205644	-48.516214
14.90	-52.902610	-50.519497	-48.285997
15.00	-53.468659	-49.968010	-48.795935
15.10	-53.492520	-50.034202	-48.741789
15.20	-52.923277	-50.020621	-49.393488
15.30	-51.737243	-50.709784	-50.328752
15.40	-49.841973	-51.115278	-50.908245
15.50	-49.142823	-50.764079	-51.680526
15.60	-49.012936	-49.543422	-52.010067
15.70	-50.295861	-47.742924	-52.354390
15.80	-51.428466	-47.224137	-52.724467
15.90	-52.687097	-46.961240	-52.736607
16.00	-52.821408	-48.676521	-51.953569
16.10	-53.069698	-49.777674	-51.108522
16.20	-52.817315	-51.230476	-50.701197
16.30	-52.547332	-51.519218	-49.966043
16.40	-51.707583	-51.860970	-50.113796
16.50	-51.009629	-52.070134	-49.809780
16.60	-50.083847	-51.683919	-49.492926
16.70	-49.756187	-50.898414	-48.590624
16.80	-49.943244	-50.221179	-48.289900
16.90	-50.185241	-50.016296	-48.355665
17.00	-50.689858	-51.283889	-48.946394
17.10	-51.024700	-52.872637	-49.144907
17.20	-50.755693	-54.267714	-48.087216
17.30	-50.438348	-54.859753	-47.052403
17.40	-49.938558	-54.235699	-46.723090
17.50	-50.084961	-53.776771	-47.343798
17.60	-50.288020	-53.244838	-48.416960
17.70	-50.548501	-52.880812	-49.506537
17.80	-50.938737	-52.682078	-50.136513
17.90	-50.258895	-52.159171	-50.753663
18.00	-49.724837	-51.468970	-51.012484
18.10	-49.875371	-51.203468	-51.264727
18.20	-50.361671	-50.917366	-51.221916
18.30	-51.228688	-50.959975	-50.616182
18.40	-51.612552	-50.425081	-49.209460
18.50	-51.493012	-49.833617	-48.093230
18.60	-51.734248	-48.112413	-47.418902
18.70	-52.456760	-46.733118	-47.874394
18.80	-53.329146	-44.330044	-49.106764
18.90	-54.225091	-43.594116	-50.203913
19.00	-54.470367	-43.568237	-51.408391
19.10	-54.373246	-45.211417	-52.163118
19.20	-54.159195	-47.174392	-52.347008
19.30	-54.149307	-48.857126	-52.540432
19.40	-54.176740	-50.241889	-52.093698
19.50	-53.949605	-51.173880	-52.026864
19.60	-53.101595	-51.533055	-51.950734
19.70	-52.214142	-51.364480	-51.612156
19.80	-51.169756	-50.964456	-51.323136
19.90	-50.896458	-50.064716	-50.127009
20.00	-50.987547	-49.803780	-49.181585
20.10	-50.966187	-50.277820	-48.110442
20.20	-50.970919	-51.464919	-47.272452
20.30	-51.028896	-53.146141	-47.550273
20.40	-51.141659	-54.326951	-47.892018
20.50	-51.031557	-55.071638	-49.307290
20.60	-50.576577	-54.959747	-50.462902
20.70	-50.133707	-54.506806	-50.815830
20.80	-50.354368	-54.274797	-51.452052
20.90	-50.401954	-54.097061	-51.612154
21.00	-50.639578	-54.333926	-51.701602
21.10	-50.385992	-54.166601	-51.834844
21.20	-49.811787	-53.608831	-51.243588
21.30	-49.815589	-52.603329	-50.769379
21.40	-50.368324	-51.746055	-50.524457
21.50	-51.236406	-50.642992	-50.520998
21.60	-52.092403	-50.063074	-49.894415
21.70	-52.900995	-49.074944	-48.737474
21.80	-53.080851	-48.566645	-48.489491
21.90	-53.118350	-47.405372	-48.349699
22.00	-53.123689	-46.727606	-49.598252
22.10	-52.978888	-45.997411	-50.331915
22.20	-53.520598	-45.479582	-50.366079
22.30	-53.873005	-45.159559	-50.181140
22.40	-54.299833	-45.690021	-49.976074
22.50	-54.414080	-46.621513	-50.065513
22.60	-54.406747	-48.267835	-50.279321
22.70	-54.092645	-49.642644	-50.284843
22.80	-53.256594	-51.232943	-49.530608
22.90	-52.687113	-52.028992	-48.151495
23.00	-52.113016	-52.322469	-47.744003
23.10	-52.322423	-52.076960	-47.822382
23.20	-52.534564	-51.631061	-49.059036
23.30	-52.882588	-51.584199	-50.182837
23.40	-52.787884	-51.835650	-50.270391
23.50	-52.279150	-51.971787	-50.402752
23.60	-51.513533	-52.172819	-50.441987
23.70	-51.046847	-51.708692	-50.694891
23.80	-50.368937	-51.638111	-51.480182
23.90	-50.329623	-51.397572	-51.720784
24.00	-50.054582	-51.734683	-51.479903
24.10	-49.565038	-52.460004	-50.223727
24.20	-49.127273	-52.897517	-48.757610
24.30	-49.077847	-53.191328	-48.195812
24.40	-49.408010	-52.632147	-48.961806
24.50	-50.193408	-51.655573	-50.110560
24.60	-50.388601	-51.120633	-51.298421
24.70	-50.972719	-50.583285	-52.086696
24.80	-51.159306	-50.785227	-52.243706
24.90	-51.502649	-51.085719	-52.259302
25.00	-51.483990	-51.121182	-51.350796
25.10	-51.389097	-51.227912	-50.071367
25.20	-51.446389	-50.622469	-49.482057
25.30	-51.462219	-50.188518	-49.199554
25.40	-51.198141	-49.193043	-49.721232
25.50	-51.454096	-47.945396	-49.987658
25.60	-51.882243	-46.380289	-50.470492
25.70	-52.841187	-46.045290	-51.098886
25.80	-53.344523	-45.898582	-51.195578
25.90	-53.140924	-46.326733	-50.925809
26.00	-52.649658	-47.332362	-50.393147
26.10	-51.587789	-48.315224	-49.660276
26.20	-52.004435	-49.727824	-49.266696
26.30	-52.084893	-51.075047	-48.530209
26.40	-52.399646	-52.106596	-48.191086
26.50	-52.274790	-53.150187	-47.772806
26.60	-51.806946	-53.302467	-47.397819
26.70	-51.174144	-53.272002	-47.031147
26.80	-51.281838	-53.168484	-46.728966
26.90	-51.431709	-52.836712	-47.148451
27.00	-51.770343	-53.405176	-48.199830
27.10	-52.076125	-53.583944	-50.133826
27.20	-52.308599	-53.964177	-52.155646
27.30	-52.096014	-53.430724	-53.360141
27.40	-51.223275	-52.889479	-54.022854
27.50	-50.576409	-52.307135	-53.975993
27.60	-50.387459	-52.380723	-53.609771
27.70	-50.379603	-52.789315	-52.646071
27.80	-50.070936	-52.786294	-51.515573
27.90	-49.787494	-52.555118	-50.375017
28.00	-49.894812	-51.935353	-49.151944
28.10	-50.850571	-50.333196	-48.572829
28.20	-51.781925	-49.847230	-48.722551
28.30	-52.749843	-49.411885	-49.616953
28.40	-52.744786	-49.809437	-50.864193
28.50	-52.494851	-50.267257	-51.471038
28.60	-51.928254	-50.522403	-51.146232
28.70	-51.146755	-49.954605	-50.920137
28.80	-50.799674	-49.167062	-50.263434
28.90	-50.882281	-49.081014	-49.788369
29.00	-51.051091	-49.429520	-49.489870
29.10	-51.187131	-50.162711	-48.700885
29.20	-51.620810	-50.386369	-48.602072
29.30	-52.009894	-50.262427	-48.740866
29.40	-52.120546	-49.463879	-49.091135
29.50	-51.693197	-49.208821	-49.073673
29.60	-50.476098	-49.194877	-48.705282
29.70	-49.487167	-49.719486	-48.554202
29.80	-49.795758	-50.220807	-48.417986
29.90	-50.799820	-50.653538	-49.543165
30.00	-52.290029	-50.562444	-50.775661
30.10	-53.399969	-50.475542	-51.901831
30.20	-53.822785	-50.354368	-52.436647
30.30	-53.763411	-50.870091	-52.351460
30.40	-53.398567	-51.371102	-52.069521
30.50	-52.599863	-52.478465	-51.734571
30.60	-51.254737	-53.383310	-50.956867
30.70	-49.722873	-54.048765	-49.994617
30.80	-48.813767	-54.510011	-49.361177
30.90	-47.763607	-54.302733	-49.378381
31.00	-48.385692	-53.498658	-49.787366
31.10	-49.223610	-52.920131	-50.494241
31.20	-50.502895	-52.521054	-50.365677
31.30	-51.977782	-52.319200	-50.514541
31.40	-52.996818	-52.095810	-50.506784
31.50	-53.553557	-51.275413	-50.696192
31.60	-53.890926	-51.189292	-51.103116
31.70	-53.611890	-51.394588	-51.216232
31.80	-53.541347	-51.864055	-50.838317
31.90	-53.479201	-51.972183	-50.014512
32.00	-53.194655	-51.420323	-49.577046
32.10	-53.582821	-50.679432	-49.470274
32.20	-53.494174	-49.819314	-49.492037
32.30	-53.220660	-49.170914	-50.435211
32.40	-52.619406	-49.439411	-50.928090
32.50	-52.207637	-49.376955	-51.859840
32.60	-51.718454	-49.662034	-52.856377
32.70	-51.308115	-49.850366	-53.181245
32.80	-51.053344	-50.769217	-52.865075
32.90	-50.499726	-51.871254	-51.776586
33.00	-49.956851	-52.711269	-50.634233
33.10	-49.361306	-52.673788	-49.673981
33.20	-49.161144	-52.619219	-49.608680
33.30	-48.739655	-52.156334	-49.967669
33.40	-49.416808	-52.772327	-49.712459
33.50	-50.046894	-52.840805	-49.161780
33.60	-51.211635	-53.019285	-48.685773
33.70	-52.391485	-52.933581	-48.255357
33.80	-52.788969	-53.029853	-48.543298
33.90	-53.233979	-53.326150	-49.882405
34.00	-52.703714	-53.380710	-50.712852
34.10	-53.234956	-53.071554	-51.804530
34.20	-53.550520	-52.478494	-52.393238
34.30	-54.312778	-51.984405	-52.661973
34.40	-54.391202	-51.898444	-52.817241
34.50	-54.402550	-51.743676	-52.779656
34.60	-53.748729	-51.425804	-52.279099
34.70	-53.779863	-50.436061	-51.723362
34.80	-53.214496	-49.723121	-50.903376
34.90	-53.138471	-48.882654	-50.949142
35.00	-52.725757	-48.673419	-51.231595
35.10	-52.300453	-48.478857	-51.654426
35.20	-51.803383	-48.326718	-51.047358
35.30	-50.987804	-48.933036	-50.155967
35.40	-49.983783	-49.470608	-49.547623
35.50	-49.081935	-50.006234	-48.875651
35.60	-48.598245	-49.800739	-49.869575
35.70	-49.122733	-48.857695	-50.759833
35.80	-50.337586	-48.485112	-51.128237
35.90	-51.358942	-48.965436	-51.939827
36.00	-52.264773	-49.999993	-51.881178
36.10	-52.675459	-50.651331	-52.296095
36.20	-52.516803	-50.700481	-52.186598
36.30	-52.981606	-50.215141	-51.753705
36.40	-52.761783	-50.658610	-51.581609
36.50	-52.712433	-51.242266	-51.512787
36.60	-52.254869	-52.388552	-51.539548
36.70	-51.802139	-53.045666	-51.097157
36.80	-51.577711	-53.551500	-50.541373
36.90	-51.430773	-53.741191	-49.934248
37.00	-51.560986	-53.588236	-48.934819
37.10	-51.272327	-53.369073	-48.691829
37.20	-51.489561	-52.610128	-48.626572
37.30	-51.277903	-52.241983	-48.984160
37.40	-51.810631	-51.651171	-50.060576
37.50	-52.399909	-51.733338	-51.497517
37.60	-52.656923	-52.076706	-52.645725
37.70	-52.287914	-52.413472	-53.199952
37.80	-52.069489	-52.570184	-52.888611
37.90	-51.963300	-52.455457	-52.157640
38.00	-52.514614	-51.755995	-50.784753
38.10	-52.908289	-51.093234	-50.304454
38.20	-53.178539	-50.923347	-50.219577
38.30	-52.913497	-50.618453	-50.808365
38.40	-52.209924	-50.972397	-50.835496
38.50	-51.343405	-50.521789	-50.121711
38.60	-50.299018	-49.191415	-49.773930
38.70	-49.274429	-47.175741	-49.659636
38.80	-48.741106	-46.417436	-50.885660
38.90	-48.722010	-46.590087	-51.844483
39.00	-49.240580	-48.500120	-51.801744
39.10	-49.816913	-49.590748	-51.243701
39.20	-50.664697	-49.598696	-50.713546
39.30	-50.781615	-49.654963	-50.628063
39.40	-50.404955	-49.558217	-51.030028
39.50	-50.231495	-49.301761	-51.880460
39.60	-50.269660	-49.952562	-52.172067
39.70	-50.940196	-50.017070	-52.157566
39.80	-51.735618	-50.906285	-52.036221
39.90	-52.462257	-51.040574	-51.853179
40.00	-52.871056	-51.587045	-51.297840
40.10	-52.980186	-52.185772	-51.283063
40.20	-53.100559	-52.977919	-50.650189
40.30	-53.302403	-53.926114	-49.917273
40.40	-53.230345	-54.439028	-48.938775
40.50	-53.291991	-54.212748	-48.447589
40.60	-53.089129	-53.998701	-48.502882
40.70	-52.913002	-53.609122	-49.574433
40.80	-52.714767	-53.251859	-50.688035
40.90	-52.095286	-53.483411	-51.643070
41.00	-51.158759	-53.630393	-51.947412
41.10	-50.362997	-53.733054	-51.968733
41.20	-49.837439	-53.582612	-51.544432
41.30	-49.703329	-53.006605	-51.664356
41.40	-49.805520	-52.309594	-51.475005
41.50	-50.478110	-52.266512	-51.813930
41.60	-51.481859	-51.763869	-51.405865
41.70	-52.130667	-51.694421	-50.227655
41.80	-52.913978	-51.688786	-49.605479
41.90	-53.132917	-51.252206	-49.028469
42.00	-53.506947	-51.010673	-49.650345
42.10	-53.149822	-50.363651	-50.077994
42.20	-52.750380	-49.587539	-50.265794
42.30	-52.142689	-49.689633	-49.880915
42.40	-52.142913	-49.321141	-49.658761
42.50	-52.193303	-49.473679	-50.027700
42.60	-52.582317	-48.759705	-50.483314
42.70	-53.174953	-48.040865	-50.456117
42.80	-53.380456	-47.198108	-50.006039
42.90	-53.932378	-47.802826	-49.506013
43.00	-54.154934	-48.656089	-49.062212
43.10	-54.169076	-50.006733	-49.401201
43.20	-53.828658	-50.796637	-50.161807
43.30	-53.304235	-50.914035	-50.604133
43.40	-51.850443	-51.352645	-50.724134
43.50	-50.686380	-51.922322	-49.938208
43.60	-48.897290	-52.060262	-49.084276
43.70	-49.008953	-52.217218	-48.860842
43.80	-48.884670	-52.273724	-49.391461
43.90	-49.916920	-52.539247	-50.565384
44.00	-50.255037	-53.061603	-51.630802
44.10	-50.966647	-53.206643	-52.489083
44.20	-51.529037	-52.623919	-51.996828
44.30	-52.106536	-51.268636	-51.267948
44.40	-52.255964	-51.017535	-50.679430
44.50	-51.878662	-50.684419	-50.179635
44.60	-51.692244	-51.696441	-49.573577
44.70	-51.812460	-52.090760	-49.529213
44.80	-52.013759	-52.891722	-48.381498
44.90	-52.213225	-53.234624	-48.485208
45.00	-52.182271	-53.803693	-49.780796
45.10	-52.550722	-53.694717	-51.365399
45.20	-52.959842	-53.471771	-53.559468
45.30	-53.298682	-53.036705	-55.011211
45.40	-52.443747	-52.235704	-55.534296
45.50	-52.196994	-52.163458	-55.347166
45.60	-51.794048	-51.477747	-54.865114
45.70	-52.495709	-50.790741	-53.741159
45.80	-53.263885	-50.263791	-52.959451
45.90	-53.846083	-49.671598	-52.109336
46.00	-53.783405	-49.365976	-51.447962
46.10	-53.389712	-48.744183	-51.179630
46.20	-53.295013	-48.303972	-50.476434
46.30	-53.322912	-47.971739	-49.526082
46.40	-53.750562	-47.485615	-48.761426
46.50	-53.966893	-47.637474	-48.806094
46.60	-53.945174	-47.771056	-48.948113
46.70	-53.467392	-48.736368	-49.465059
46.80	-53.165366	-49.488245	-49.759044
46.90	-52.860214	-50.523164	-49.706026
47.00	-52.915873	-50.921347	-50.125240
47.10	-53.275218	-50.943745	-50.239040
47.20	-53.167789	-50.750852	-50.136999
47.30	-53.120462	-51.043762	-49.823550
47.40	-53.029818	-51.304179	-49.279098
47.50	-52.565604	-52.102512	-48.878619
47.60	-52.612710	-52.647529	-49.063175
47.70	-52.179083	-53.130564	-49.185061
47.80	-51.928004	-53.507892	-49.509562
47.90	-51.699523	-53.775393	-49.495095
48.00	-51.165522	-54.003364	-50.005298
48.10	-51.384805	-53.592450	-50.676588
48.20	-51.747370	-53.211948	-51.618774
48.30	-52.456948	-52.905636	-52.100568
48.40	-53.200617	-52.843387	-51.974144
48.50	-53.340079	-52.767221	-51.763558
48.60	-52.700217	-52.148208	-51.049645
48.70	-52.292369	-52.195805	-51.309805
48.80	-52.269929	-51.635790	-51.741989
48.90	-52.667610	-52.064253	-52.673710
49.00	-52.816816	-52.293073	-53.467909
49.10	-52.635293	-52.546371	-53.563243
49.20	-51.649401	-52.673227	-52.839175
49.30	-51.142397	-52.664597	-51.955822
49.40	-50.249843	-51.858723	-50.916415
49.50	-50.162844	-51.265790	-50.661709
49.60	-50.443612	-50.873574	-50.860488
49.70	-50.925681	-50.732651	-50.991731
49.80	-51.637952	-50.583103	-51.152845
49.90	-51.354232	-50.135166	-50.996609
50.00	-50.687113	-49.278098	-50.321088
50.10	-50.680163	-48.835166	-50.481396
50.20	-50.712725	-48.758741	-50.317235
50.30	-52.068627	-49.351280	-50.908296
50.40	-52.687996	-49.707256	-50.947414
50.50	-52.316085	-50.659587	-50.858853
50.60	-51.691113	-50.746479	-50.553373
50.70	-50.460046	-51.130574	-50.109997
50.80	-50.279875	-51.777772	-50.107521
50.90	-50.701259	-52.589255	-50.247823
51.00	-51.468861	-53.416379	-49.981500
51.10	-52.402330	-53.786645	-50.097023
51.20	-53.111716	-53.635865	-49.907206
51.30	-53.578870	-53.033617	-49.604526
51.40	-53.979552	-52.123140	-49.792273
51.50	-53.974586	-52.191612	-50.141670
51.60	-53.214391	-52.063930	-50.696571
51.70	-52.083961	-52.504223	-50.911836
51.80	-51.131121	-52.945457	-50.359943
51.90	-50.978667	-53.130648	-49.968001
52.00	-51.351990	-53.270106	-50.049237
52.10	-51.709609	-53.487722	-51.044441
52.20	-51.901567	-53.195056	-51.947242
52.30	-52.391904	-52.311990	-52.756883
52.40	-52.445023	-51.182506	-52.464112
52.50	-52.126775	-50.081499	-52.039414
52.60	-51.724122	-48.488282	-50.478541
52.70	-51.319313	-47.924618	-49.730700
52.80	-51.404341	-47.961050	-49.342377
52.90	-51.887879	-48.440647	-49.330142
53.00	-52.144948	-49.761588	-49.702616
53.10	-52.139608	-50.098311	-49.863437
53.20	-51.925867	-50.531931	-49.749373
53.30	-51.732403	-50.452407	-50.120431
53.40	-51.862185	-51.002410	-50.724043
53.50	-52.115282	-51.241674	-51.583894
53.60	-53.036676	-51.150155	-51.852594
53.70	-54.061384	-50.297390	-51.472631
53.80	-55.282947	-49.636805	-50.712660
53.90	-56.077264	-49.065002	-50.147597
54.00	-56.349197	-49.098158	-50.157940
54.10	-56.126504	-50.126714	-50.897203
54.20	-55.377415	-51.038101	-51.746869
54.30	-53.935409	-52.879751	-52.719298
54.40	-53.205407	-53.923190	-53.012807
54.50	-52.684496	-54.796745	-52.615115
54.60	-52.543215	-54.788201	-51.952428
54.70	-52.260475	-54.796347	-51.178364
54.80	-52.025602	-54.323864	-51.116202
54.90	-51.744009	-53.725201	-51.008385
55.00	-52.343146	-53.003346	-51.057691
55.10	-53.051016	-52.908791	-50.878307
55.20	-53.326256	-52.893715	-50.834466
55.30	-53.100055	-53.124285	-51.285894
55.40	-52.646998	-53.338911	-51.834762
55.50	-52.301391	-53.236167	-52.446730
55.60	-52.171446	-52.959743	-52.747319
55.70	-52.211561	-51.932333	-52.512037
55.80	-52.733715	-51.565334	-52.214355
55.90	-53.168100	-51.425489	-52.259267
56.00	-53.963761	-51.857837	-51.897348
56.10	-54.788528	-52.296883	-51.619019
56.20	-55.464747	-52.357915	-50.922316
56.30	-56.006881	-52.610251	-50.715126
56.40	-56.104077	-52.786208	-51.175648
56.50	-55.776306	-53.857070	-52.111573
56.60	-55.429729	-54.478136	-53.703316
56.70	-55.236075	-54.775163	-54.740126
56.80	-55.541311	-55.184906	-55.540019
56.90	-55.943519	-55.179650	-55.941430
57.00	-56.368463	-55.811050	-55.959410
57.10	-56.448424	-56.276875	-55.798880
57.20	-56.493255	-56.835538	-55.146303
57.30	-56.750408	-56.978855	-54.499955
57.40	-57.254828	-57.020201	-54.024413
57.50	-57.955170	-57.097165	-54.466744
57.60	-58.446806	-57.235769	-55.351363
57.70	-58.681463	-57.285565	-56.394871
57.80	-58.841378	-57.489564	-57.139959
57.90	-59.090824	-57.565994	-57.502336
58.00	-59.441809	-57.678291	-57.432667
58.10	-59.891535	-57.919846	-57.449924
58.20	-60.243672	-57.815500	-57.288646
58.30	-60.514761	-58.227737	-57.414341
58.40	-60.719232	-58.675124	-57.636660
58.50	-60.875049	-59.472366	-57.725085
58.60	-60.990714	-60.250151	-57.872105
58.70	-61.062292	-60.816582	-58.035790
58.80	-61.062577	-61.203475	-58.624916
58.90	-60.905439	-61.469417	-59.413052
59.00	-60.964132	-61.664987	-60.267476
59.10	-61.040354	-61.817742	-60.880887
59.20	-61.353055	-61.942026	-61.310982
59.30	-61.637958	-62.045797	-61.610024
59.40	-61.847816	-62.133731	-61.827663
59.50	-61.992716	-62.208849	-61.994444
59.60	-62.090804	-62.273163	-62.127300
59.70	-62.159360	-62.328168	-62.235855
59.80	-62.208914	-62.374970	-62.325873
59.90	-62.245401	-62.414450	-62.401124
60.00	-62.272303	-62.447344	-62.464161
60.10	-62.291791	-62.474264	-62.516842
60.20	-62.305292	-62.495770	-62.560577
60.30	-62.313820	-62.512335	-62.596483
60.40	-62.318128	-62.524410	-62.625461
60.50	-62.318795	-62.532377	-62.648268
60.60	-62.316285	-62.536605	-62.665549
60.70	-62.310976	-62.537421	-62.677876
60.80	-62.303189	-62.535132	-62.685741
60.90	-62.293200	-62.530022	-62.689574
61.00	-62.281254	-62.522338	-62.689764
61.10	-62.267561	-62.512321	-62.686659
61.20	-62.252313	-62.500190	-62.680571
61.30	-62.235676	-62.486142	-62.671788
61.40	-62.217803	-62.470363	-62.660569
61.50	-62.198833	-62.453026	-62.647153
61.60	-62.178894	-62.434289	-62.631752
61.70	-62.158100	-62.414291	-62.614564
61.80	-62.136599	-62.393168	-62.595770
61.90	-62.114474	-62.371045	-62.575535
62.00	-62.091804	-62.348039	-62.554011
62.10	-62.068663	-62.324257	-62.531339
62.20	-62.045117	-62.299797	-62.507648
62.30	-62.021231	-62.274752	-62.483055
62.40	-61.997067	-62.249206	-62.457670
62.50	-61.972680	-62.223237	-62.431594
62.60	-61.948124	-62.196918	-62.404920
62.70	-61.923446	-62.170313	-62.377736
62.80	-61.898692	-62.143484	-62.350121
62.90	-61.873906	-62.116489	-62.322148
63.00	-61.849127	-62.089377	-62.293885
63.10	-61.824393	-62.062196	-62.265398
63.20	-61.799735	-62.034986	-62.236744
63.30	-61.775185	-62.007788	-62.207977
63.40	-61.750772	-61.980640	-62.179147
63.50	-61.726519	-61.953576	-62.150296
63.60	-61.702448	-61.926632	-62.121466
63.70	-61.678580	-61.899837	-62.092695
63.80	-61.654934	-61.873219	-62.064021
63.90	-61.631529	-61.846803	-62.035476
64.00	-61.608379	-61.820611	-62.007090
64.10	-61.585500	-61.794662	-61.978891
64.20	-61.562905	-61.768976	-61.950906
64.30	-61.540604	-61.743568	-61.923159
64.40	-61.518610	-61.718454	-61.895670
64.50	-61.496932	-61.693648	-61.868458
64.60	-61.475576	-61.669162	-61.841538
64.70	-61.454550	-61.645005	-61.814928
64.80	-61.433859	-61.621190	-61.788641
64.90	-61.413510	-61.597725	-61.762689
65.00	-61.393505	-61.574617	-61.737080
65.10	-61.373850	-61.551869	-61.711823
65.20	-61.354546	-61.529488	-61.686929
65.30	-61.335596	-61.507473	-61.662403
65.40	-61.317000	-61.485830	-61.638254
65.50	-61.298761	-61.464560	-61.614487
65.60	-61.280876	-61.443669	-61.591105
65.70	-61.263344	-61.423157	-61.568110
65.80	-61.246163	-61.403026	-61.545506
65.90	-61.229332	-61.383277	-61.523294
66.00	-61.212849	-61.363911	-61.501479
66.10	-61.196711	-61.344926	-61.480061
66.20	-61.180916	-61.326319	-61.459041
66.30	-61.165461	-61.308089	-61.438418
66.40	-61.150343	-61.290233	-61.418193
66.50	-61.135559	-61.272747	-61.398365
66.60	-61.121107	-61.255630	-61.378931
66.70	-61.106983	-61.238878	-61.359888
66.80	-61.093183	-61.222488	-61.341236
66.90	-61.079704	-61.206455	-61.322971
67.00	-61.066539	-61.190777	-61.305088
67.10	-61.053685	-61.175451	-61.287585
67.20	-61.041136	-61.160471	-61.270456
67.30	-61.028890	-61.145833	-61.253699
67.40	-61.016941	-61.131577	-61.237309
67.50	-61.005284	-61.117686	-61.221284
67.60	-60.993913	-61.104142	-61.205617
67.70	-60.982824	-61.090935	-61.190307
67.80	-60.972011	-61.078051	-61.175346
67.90	-60.961469	-61.065482	-61.160730
68.00	-60.951192	-61.053219	-61.146455
68.10	-60.941176	-61.041255	-61.132516
68.20	-60.931415	-61.029582	-61.118906
68.30	-60.921906	-61.018196	-61.105622
68.40	-60.912641	-61.007088	-61.092658
68.50	-60.903617	-60.996254	-61.080007
68.60	-60.894827	-60.985687	-61.067665
68.70	-60.886268	-60.975383	-61.055625
68.80	-60.877934	-60.965335	-61.043926
68.90	-60.869820	-60.955538	-61.032548
69.00	-60.861923	-60.945985	-61.021476
69.10	-60.854462	-60.936670	-61.010696
69.20	-60.847365	-60.927588	-61.000195
69.30	-60.840574	-60.918873	-60.989964
69.40	-60.834045	-60.910478	-60.979993
69.50	-60.827743	-60.902367	-60.970274
69.60	-60.821641	-60.894512	-60.960800
69.70	-60.815718	-60.886890	-60.951563
69.80	-60.809958	-60.879483	-60.942560
69.90	-60.804348	-60.872276	-60.933782
70.00	-60.798878	-60.865258	-60.925227
70.10	-60.793539	-60.858417	-60.916887
70.20	-60.788326	-60.851747	-60.908759
70.30	-60.783233	-60.845240	-60.900837
70.40	-60.778255	-60.838890	-60.893118
70.50	-60.773390	-60.832693	-60.885595
70.60	-60.768634	-60.826644	-60.878264
70.70	-60.763985	-60.820739	-60.871122
70.80	-60.759441	-60.814976	-60.864164
70.90	-60.755000	-60.809350	-60.857385
71.00	-60.750660	-60.803860	-60.850781
71.10	-60.746420	-60.798503	-60.844348
71.20	-60.742277	-60.793276	-60.838082
71.30	-60.738232	-60.788176	-60.831979
71.40	-60.734281	-60.783201	-60.826037
71.50	-60.730423	-60.778348	-60.820250
71.60	-60.726658	-60.773616	-60.814616
71.70	-60.722984	-60.769001	-60.809131
71.80	-60.719398	-60.764502	-60.803790
71.90	-60.715901	-60.760116	-60.798592
72.00	-60.712489	-60.755840	-60.793531
72.10	-60.709162	-60.751674	-60.788606
72.20	-60.705918	-60.747613	-60.783812
72.30	-60.702756	-60.743657	-60.779147
72.40	-60.699673	-60.739802	-60.774607
72.50	-60.696669	-60.736047	-60.770190
72.60	-60.693742	-60.732390	-60.765891
72.70	-60.690891	-60.728827	-60.761709
72.80	-60.688113	-60.725358	-60.757640
72.90	-60.685407	-60.721980	-60.753681
73.00	-60.682772	-60.718691	-60.749829
73.10	-60.680207	-60.715489	-60.746082
73.20	-60.677709	-60.712371	-60.742437
73.30	-60.675277	-60.709336	-60.738891
73.40	-60.672909	-60.706382	-60.735442
73.50	-60.670604	-60.703507	-60.732086
73.60	-60.668360	-60.700709	-60.728822
73.70	-60.666176	-60.697985	-60.725647
73.80	-60.664051	-60.695335	-60.722559
73.90	-60.661983	-60.692756	-60.719555
74.00	-60.659970	-60.690247	-60.716633
74.10	-60.658012	-60.687805	-60.713791
74.20	-60.656107	-60.685429	-60.711026
74.30	-60.654253	-60.683117	-60.708336
74.40	-60.652450	-60.680868	-60.705720
74.50	-60.650696	-60.678680	-60.703175
74.60	-60.648990	-60.676552	-60.700700
74.70	-60.647330	-60.674481	-60.698291
74.80	-60.645716	-60.672466	-60.695948
74.90	-60.644146	-60.670506	-60.693669
75.00	-60.642619	-60.668599	-60.691451
75.10	-60.641134	-60.666744	-60.689294
75.20	-60.639690	-60.664939	-60.687195
75.30	-60.638285	-60.663184	-60.685152
75.40	-60.636919	-60.661476	-60.683164
75.50	-60.635591	-60.659814	-60.681230
75.60	-60.634299	-60.658197	-60.679348
75.70	-60.633042	-60.656624	-60.677517
75.80	-60.631820	-60.655094	-60.675734
75.90	-60.630632	-60.653605	-60.673999
76.00	-60.629476	-60.652202	-60.672310
76.10	-60.628352	-60.650870	-60.670666
76.20	-60.627259	-60.649598	-60.669065
76.30	-60.626196	-60.648377	-60.667507
76.40	-60.625162	-60.647198	-60.665990
76.50	-60.624156	-60.646058	-60.664513
76.60	-60.623177	-60.644951	-60.663074
76.70	-60.622226	-60.643874	-60.661673
76.80	-60.621300	-60.642824	-60.660309
76.90	-60.620399	-60.641799	-60.658980
77.00	-60.619523	-60.640797	-60.657685
77.10	-60.618670	-60.639817	-60.656423
77.20	-60.617840	-60.638858	-60.655194
77.30	-60.617033	-60.637918	-60.653997
77.40	-60.616248	-60.636998	-60.652830
77.50	-60.615483	-60.636096	-60.651692
77.60	-60.614739	-60.635211	-60.650583
77.70	-60.614015	-60.634344	-60.649503
77.80	-60.613310	-60.633494	-60.648449
77.90	-60.612623	-60.632661	-60.647421
78.00	-60.611955	-60.631844	-60.646419
78.10	-60.611304	-60.631042	-60.645442
78.20	-60.610670	-60.630257	-60.644489
78.30	-60.610053	-60.629487	-60.643559
78.40	-60.609452	-60.628731	-60.642652
78.50	-60.608866	-60.627991	-60.641766
78.60	-60.608296	-60.627266	-60.640902
78.70	-60.607740	-60.626554	-60.640059
78.80	-60.607198	-60.625857	-60.639236
78.90	-60.606670	-60.625174	-60.638432
79.00	-60.606156	-60.624504	-60.637648
79.10	-60.605654	-60.623848	-60.636881
79.20	-60.605165	-60.623205	-60.636133
79.30	-60.604688	-60.622575	-60.635402
79.40	-60.604222	-60.621958	-60.634687
79.50	-60.603769	-60.621353	-60.633989
79.60	-60.603326	-60.620760	-60.633307
79.70	-60.602894	-60.620180	-60.632640
79.80	-60.602472	-60.619611	-60.631988
79.90	-60.602061	-60.619053	-60.631351
80.00	-60.601659	-60.618507	-60.630727
80.10	-60.601267	-60.617972	-60.630118
80.20	-60.600884	-60.617448	-60.629521
80.30	-60.600510	-60.616934	-60.628938
80.40	-60.600145	-60.616431	-60.628367
80.50	-60.599788	-60.615938	-60.627808
80.60	-60.599439	-60.615455	-60.627261
80.70	-60.599098	-60.614981	-60.626725
80.80	-60.598764	-60.614517	-60.626201
80.90	-60.598438	-60.614063	-60.625687
81.00	-60.598120	-60.613617	-60.625184
81.10	-60.597808	-60.613180	-60.624691
81.20	-60.597503	-60.612752	-60.624208
81.30	-60.597204	-60.612333	-60.623734
81.40	-60.596912	-60.611921	-60.623270
81.50	-60.596626	-60.611518	-60.622815
81.60	-60.596346	-60.611123	-60.622369
81.70	-60.596071	-60.610735	-60.621932
81.80	-60.595803	-60.610355	-60.621502
81.90	-60.595539	-60.609982	-60.621081
82.00	-60.595281	-60.609617	-60.620668
82.10	-60.595028	-60.609258	-60.620262
82.20	-60.594780	-60.608906	-60.619864
82.30	-60.594537	-60.608561	-60.619473
82.40	-60.594298	-60.608222	-60.619090
82.50	-60.594174	-60.607889	-60.618713
82.60	-60.594131	-60.607563	-60.618342
82.70	-60.594143	-60.607243	-60.617978
82.80	-60.594192	-60.606928	-60.617621
82.90	-60.594262	-60.606619	-60.617269
83.00	-60.594343	-60.606316	-60.616924
83.10	-60.594426	-60.606018	-60.616584
83.20	-60.594505	-60.605725	-60.616250
83.30	-60.594577	-60.605437	-60.615921
83.40	-60.594637	-60.605155	-60.615598
83.50	-60.594684	-60.604877	-60.615279
83.60	-60.594716	-60.604604	-60.614966
83.70	-60.594733	-60.604335	-60.614658
83.80	-60.594734	-60.604071	-60.614355
83.90	-60.594720	-60.603811	-60.614056
84.00	-60.594691	-60.603556	-60.613761
84.10	-60.594647	-60.603305	-60.613472
84.20	-60.594589	-60.603057	-60.613186
84.30	-60.594517	-60.602814	-60.612905
84.40	-60.594433	-60.602575	-60.612627
84.50	-60.594337	-60.602339	-60.612354
84.60	-60.594230	-60.602106	-60.612084
84.70	-60.594113	-60.601878	-60.611818
84.80	-60.593986	-60.601652	-60.611556
84.90	-60.593850	-60.601430	-60.611298
85.00	-60.593706	-60.601212	-60.611042
85.10	-60.593555	-60.600996	-60.610791
85.20	-60.593397	-60.600783	-60.610542
85.30	-60.593234	-60.600574	-60.610297
85.40	-60.593065	-60.600367	-60.610055
85.50	-60.592891	-60.600163	-60.609816
85.60	-60.592712	-60.599962	-60.609579
85.70	-60.592530	-60.599764	-60.609346
85.80	-60.592345	-60.599568	-60.609116
85.90	-60.592157	-60.599375	-60.608888
86.00	-60.591966	-60.599184	-60.608663
86.10	-60.591774	-60.598995	-60.608441
86.20	-60.591579	-60.598809	-60.608221
86.30	-60.591384	-60.598625	-60.608003
86.40	-60.591187	-60.598444	-60.607789
86.50	-60.590990	-60.598264	-60.607576
86.60	-60.590792	-60.598087	-60.607366
86.70	-60.590594	-60.597912	-60.607158
86.80	-60.590396	-60.597738	-60.606952
86.90	-60.590198	-60.597567	-60.606748
87.00	-60.590001	-60.597397	-60.606547
87.10	-60.589805	-60.597230	-60.606347
87.20	-60.589609	-60.597064	-60.606150
87.30	-60.589414	-60.596899	-60.605954
87.40	-60.589220	-60.596737	-60.605761
87.50	-60.589027	-60.596576	-60.605569
87.60	-60.588836	-60.596417	-60.605379
87.70	-60.588645	-60.596259	-60.605191
87.80	-60.588457	-60.596149	-60.605004
87.90	-60.588270	-60.596073	-60.604819
88.00	-60.588084	-60.596021	-60.604636
88.10	-60.587900	-60.595983	-60.604455
88.20	-60.587718	-60.595955	-60.604275
88.30	-60.587538	-60.595931	-60.604096
88.40	-60.587359	-60.595907	-60.603919
88.50	-60.587182	-60.595882	-60.603744
88.60	-60.587007	-60.595853	-60.603570
88.70	-60.586834	-60.595820	-60.603397
88.80	-60.586663	-60.595780	-60.603226
88.90	-60.586494	-60.595734	-60.603056
89.00	-60.586326	-60.595682	-60.602888
89.10	-60.586161	-60.595622	-60.602720
89.20	-60.585997	-60.595556	-60.602554
89.30	-60.585835	-60.595484	-60.602390
89.40	-60.585675	-60.595405	-60.602226
89.50	-60.585517	-60.595319	-60.602064
89.60	-60.585361	-60.595228	-60.601902
89.70	-60.585206	-60.595132	-60.601742
89.80	-60.585053	-60.595030	-60.601583
89.90	-60.584903	-60.594923	-60.601425
90.00	-60.584753	-60.594812	-60.601268
90.10	-60.584606	-60.594743	-60.601113
90.20	-60.584460	-60.594702	-60.600958
90.30	-60.584316	-60.594680	-60.600804
90.40	-60.584174	-60.594668	-60.600651
90.50	-60.584033	-60.594661	-60.600499
90.60	-60.583894	-60.594655	-60.600348
90.70	-60.583756	-60.594645	-60.600198
90.80	-60.583620	-60.594630	-60.600049
90.90	-60.583485	-60.594609	-60.599901
91.00	-60.583352	-60.594580	-60.599754
91.10	-60.583220	-60.594542	-60.599607
91.20	-60.583090	-60.594495	-60.599461
91.30	-60.582961	-60.594440	-60.599316
91.40	-60.582834	-60.594376	-60.599172
91.50	-60.582707	-60.594303	-60.599029
91.60	-60.582582	-60.594222	-60.598886
91.70	-60.582459	-60.594133	-60.598745
91.80	-60.582336	-60.594037	-60.598604
91.90	-60.582215	-60.593933	-60.598463
92.00	-60.582095	-60.593823	-60.598324
92.10	-60.581976	-60.593707	-60.598185
92.20	-60.581858	-60.593585	-60.598046
92.30	-60.581741	-60.593505	-60.597909
92.40	-60.581625	-60.593452	-60.597772
92.50	-60.581511	-60.593417	-60.597636
92.60	-60.581397	-60.593391	-60.597500
92.70	-60.581284	-60.593369	-60.597365
92.80	-60.581172	-60.593348	-60.597230
92.90	-60.581061	-60.593322	-60.597097
93.00	-60.580951	-60.593292	-60.596963
93.10	-60.580842	-60.593254	-60.596831
93.20	-60.580734	-60.593208	-60.596699
93.30	-60.580626	-60.593154	-60.596567
93.40	-60.580519	-60.593090	-60.596436
93.50	-60.580413	-60.593018	-60.596306
93.60	-60.580308	-60.592937	-60.596176
93.70	-60.580204	-60.592847	-60.596046
93.80	-60.580100	-60.592749	-60.595917
93.90	-60.579997	-60.592643	-60.595789
94.00	-60.579894	-60.592530	-60.595661
94.10	-60.579793	-60.592410	-60.595534
94.20	-60.579691	-60.592284	-60.595407
94.30	-60.579591	-60.592152	-60.595280
94.40	-60.579491	-60.592014	-60.595154
94.50	-60.579392	-60.591871	-60.595029
# IV Measures at spl 40
# RMP 	-57.5	0 
# IVshift	23.9
# IVOnset	0	1.01435
# IVAdaptation	0	0.720522
# IVOffset	2.04	5.37416
# IV Measures RMS error 	1.66708
# IV RMS Error: 	 1.66708
 
#PSTH: Time	 Rate (sp/s)
# 0	0.000000
# 1	154.000000
# 2	280.000000
# 3	264.000000
# 4	260.000000
# 5	242.000000
# 6	150.000000
# 7	0.000000
# 8	0.000000
# 9	0.000000
# 10	0.000000
# 11	0.000000
# 12	0.000000
#CV: Time	 CV ()		 ISI mean (ms)		 ISI sd (ms) 
# 0	0.167248	3.688312	0.616863
# 1	0.229021	3.689209	0.844907
# 2	0.210366	3.860902	0.812202
# 3	0.232162	3.886719	0.902348
# 4	0.237300	4.067647	0.965254
#CV: Time	 CV reference		 CV test ()	 Weighting 
# 0	0.167248	0.108000	10000.000000
# 1	0.229021	0.157000	10000.000000
# 2	0.210366	0.157000	10000.000000
# 3	0.232162	0.157000	10000.000000
# CV RMS Error 	6.55641
 # CV Measures RMS error 	0
#   FSL Mean 5.934, Std Dev 0.984701 
# Checked trials 	50
# Sustained rate 	23.92
# Post stimulus rate penalty 	0

# IV Measures at spl 50
# RMP 	-45.1053	0 
# IVshift	23.5
# IVOnset	1.0125	1.00235
# IVAdaptation	-1.12281	-0.266489
# IVOffset	1.15789	5.65216
# IV Measures RMS error 	2.28756
# IV RMS Error: 	 2.28756
 
#PSTH: Time	 Rate (sp/s)
# 0	0.000000
# 1	196.000000
# 2	304.000000
# 3	284.000000
# 4	288.000000
# 5	266.000000
# 6	188.000000
# 7	0.000000
# 8	0.000000
# 9	0.000000
# 10	0.000000
# 11	0.000000
# 12	0.000000
#CV: Time	 CV ()		 ISI mean (ms)		 ISI sd (ms) 
# 0	0.184859	3.331250	0.615811
# 1	0.218962	3.259459	0.713699
# 2	0.237499	3.499306	0.831083
# 3	0.193982	3.538028	0.686313
# 4	0.211290	3.512712	0.742201
#CV: Time	 CV reference		 CV test ()	 Weighting 
# 0	0.184859	0.154300	24000.000000
# 1	0.218962	0.168400	24000.000000
# 2	0.237499	0.179300	24000.000000
# 3	0.193982	0.187100	24000.000000
# CV RMS Error 	6.44589
 # CV Measures RMS error 	0
#   FSL Mean 5.854, Std Dev 0.471736 
# Checked trials 	50
# Sustained rate 	26.6
# Post stimulus rate penalty 	0

# IV Measures at spl 60
# RMP 	-60.18	0 
# IVshift	23.3
# IVOnset	0	0.99144
# IVAdaptation	0	0.541418
# IVOffset	2.57	6.05738
# IV Measures RMS error 	1.74369
# IV RMS Error: 	 1.74369
 
#PSTH: Time	 Rate (sp/s)
# 0	0.000000
# 1	206.000000
# 2	324.000000
# 3	326.000000
# 4	296.000000
# 5	302.000000
# 6	210.000000
# 7	0.000000
# 8	0.000000
# 9	0.000000
# 10	0.000000
# 11	0.000000
# 12	0.000000
#CV: Time	 CV ()		 ISI mean (ms)		 ISI sd (ms) 
# 0	0.198519	2.906796	0.577055
# 1	0.202498	3.076875	0.623060
# 2	0.190201	3.135152	0.596310
# 3	0.216593	3.352740	0.726180
# 4	0.199094	3.270504	0.651136
#CV: Time	 CV reference		 CV test ()	 Weighting 
# 0	0.198519	0.120000	14000.000000
# 1	0.202498	0.138000	14000.000000
# 2	0.190201	0.200000	14000.000000
# 3	0.216593	0.189000	14000.000000
# CV RMS Error 	6.25613
 # CV Measures RMS error 	0
#   FSL Mean 5.634, Std Dev 0.375587 
# Checked trials 	50
# Sustained rate 	29.16
# Sustained rate penalty 	0
# Post stimulus rate penalty 	0

#  Input Resistance = 163.108
#  Input Resistance Penalty = 0
#  tonefreq = 9100
# bandwidth
#	0.0000	0.0000	0.0000	0.0000
#	3.0000	0.0000	0.0000	0.0000
#	9.0000	30.0000	0.0000	5.0000
#	3.0000	30.0000	2.0000	0.0000
#	0.0000	0.0000	40.0000	1.0000
#	0.0000	0.0000	40.0000	2.4837
# num. connections
#	0	0	0	0
#	20	0	0	0
#	20	30	0	0
#	20	20	5	0
#	30	20	125	1
#	30	20	84	1
# weights
#	0	0	0	0
#	0.00017319	0	0	0
#	7.3372e-05	0.00179324	0	0
#	8.9534e-06	0.00129324	0.000531549	0
#	0.0004908	0.000645083	0.000167221	0.0487
#	0.0017991	0.0051716	0.01103	0.5166
# delay
#	0.4000	0.0000	0.4000	0.0000
#	0.4000	0.0000	1.0000	0.0000
#	0.4000	0.5000	0.0000	0.0000
#	0.5000	0.5000	0.4000	0.0000
#	1.6000	2.0000	1.0000	2.5000
#	1.6000	2.0000	1.0000	2.5000
# offset  2.1
# golgi_syn_filter_scale_factor 1
# golgi_spon 3.7271
# ds_gaba_decay			 5.43235
# ds_gaba_rise			 0.261939
# ds_erev  -70
# ds_gkltbar	 0.0163897
# ds_gkhtbar	 0.030623
# ds_gleak  0.000274146
# ds_gnabar  0.30623
# tv_gleak  0.000249321
# tv_erev  -72
# ts_gkhtbar  0.0189416
# ts_gnabar  0.23677
# ts_gkabar  0.01539
# ts_ghbar  6.20392e-05
# ts_gleak  0.000473539
# ts_erev  -60.9
# ts_dend_g  0.001
# ts_dend_e  -65
# ts_jitter_sd  0.2
