# TStellate3_CT2 Optimisation
# 20130903+13:30:22
 
#param.w.x[lsr][ts] = 0.0014116	[1e-07,0.3]
#param.w.x[hsr][ts] = 0.001099	[1e-07,0.3]
#param.w.x[ds][ts] = 0.00041157	[1e-07,0.3]
#param.w.x[tv][ts] = 0.00015319	[1e-07,0.3]
#param.w.x[glg][ts] = 0.00038271	[1e-07,0.3]
# final error=128.645184
# Threshold level 20 
# Threshold rate 0 
# TS exemplar RMP -60.9
# TS exemplar CF 9100
# CV RMS errors:	
# Penalties :	
# IV RMS errors:	
# IV Penalties :	
# Final Error  128.645   128.645
# Time	 IV @spl=20 (mV)	 IV @spl=30 (mV)	 IV @spl=40 (mV)
-50.00	-65.000000	-65.000000	-65.000000
-49.90	-64.869248	-64.869248	-64.869248
-49.80	-64.745181	-64.745181	-64.745181
-49.70	-64.627368	-64.627368	-64.627368
-49.60	-64.515507	-64.515507	-64.515507
-49.50	-64.409324	-64.409324	-64.409324
-49.40	-64.308557	-64.308557	-64.308557
-49.30	-64.212957	-64.212957	-64.212957
-49.20	-64.122281	-64.122281	-64.122281
-49.10	-64.036293	-64.036293	-64.036293
-49.00	-63.954716	-63.954716	-63.954716
-48.90	-63.877337	-63.877337	-63.877337
-48.80	-63.803956	-63.803956	-63.803956
-48.70	-63.734384	-63.734384	-63.734384
-48.60	-63.668439	-63.668439	-63.668439
-48.50	-63.605948	-63.605948	-63.606706
-48.40	-63.546743	-63.546743	-63.548873
-48.30	-63.490665	-63.490665	-63.494649
-48.20	-63.437561	-63.437561	-63.443767
-48.10	-63.387285	-63.387285	-63.395978
-48.00	-63.339696	-63.339696	-63.351057
-47.90	-63.294636	-63.294636	-63.308775
-47.80	-63.251959	-63.251959	-63.268927
-47.70	-63.211544	-63.211544	-63.231342
-47.60	-63.173277	-63.173277	-63.195867
-47.50	-63.137050	-63.137050	-63.162364
-47.40	-63.102759	-63.102759	-63.130708
-47.30	-63.070307	-63.070307	-63.100782
-47.20	-63.039599	-63.039599	-63.072480
-47.10	-63.010547	-63.010547	-63.045707
-47.00	-62.983064	-62.983064	-63.020371
-46.90	-62.932172	-62.957069	-62.971492
-46.80	-62.877623	-62.920043	-62.931266
-46.70	-62.821325	-62.863991	-62.873035
-46.60	-62.752023	-62.770098	-62.802867
-46.50	-62.686537	-62.662892	-62.725322
-46.40	-62.599198	-62.584544	-62.655723
-46.30	-62.484943	-62.490917	-62.580486
-46.20	-62.341058	-62.387247	-62.501788
-46.10	-62.201479	-62.289822	-62.397415
-46.00	-62.030725	-62.148101	-62.312153
-45.90	-61.815099	-61.972780	-62.229031
-45.80	-61.591635	-61.754226	-62.087086
-45.70	-61.364453	-61.568514	-61.942600
-45.60	-61.161919	-61.335588	-61.809777
-45.50	-60.978014	-61.045010	-61.698790
-45.40	-60.774052	-60.754330	-61.557027
-45.30	-60.569845	-60.448713	-61.418180
-45.20	-60.349850	-60.127485	-61.258120
-45.10	-60.140565	-59.820047	-61.022834
-45.00	-59.942790	-59.522227	-60.733892
-44.90	-59.627813	-59.261274	-60.424162
-44.80	-59.293465	-59.020088	-60.126540
-44.70	-59.161554	-58.681925	-59.882624
-44.60	-59.118165	-58.337471	-59.663807
-44.50	-59.240768	-57.865145	-59.455700
-44.40	-59.359894	-57.124116	-59.210221
-44.30	-59.390796	-56.661232	-58.956794
-44.20	-59.300514	-55.974089	-58.692729
-44.10	-59.152346	-55.486415	-58.393106
-44.00	-59.008750	-55.099119	-57.819871
-43.90	-58.846262	-55.117470	-57.529264
-43.80	-58.653712	-54.950394	-57.291365
-43.70	-58.401142	-55.121115	-57.233506
-43.60	-58.113751	-54.975435	-56.916777
-43.50	-57.711866	-55.021275	-56.483055
-43.40	-57.057380	-55.083131	-56.322418
-43.30	-56.248901	-54.893062	-56.294921
-43.20	-55.694863	-55.267818	-56.265584
-43.10	-55.493916	-55.370017	-56.209812
-43.00	-56.051388	-55.648955	-55.942922
-42.90	-56.750465	-55.540342	-56.162949
-42.80	-57.287165	-55.514957	-56.552385
-42.70	-57.517266	-55.212923	-57.157245
-42.60	-57.509095	-54.969777	-57.367375
-42.50	-57.336749	-55.250939	-57.084947
-42.40	-56.952423	-55.637028	-56.776767
-42.30	-56.118491	-56.579036	-56.339761
-42.20	-55.841343	-57.338740	-56.296228
-42.10	-55.322551	-57.930718	-56.658692
-42.00	-55.610285	-58.218955	-57.030114
-41.90	-55.508849	-58.199700	-57.367463
-41.80	-55.636847	-57.791079	-57.411640
-41.70	-55.126605	-57.591033	-57.174681
-41.60	-54.879352	-57.278663	-57.044135
-41.50	-54.921683	-57.077053	-56.753486
-41.40	-55.183814	-57.023786	-56.132938
-41.30	-55.862675	-56.886357	-55.769755
-41.20	-56.185641	-57.101507	-55.325299
-41.10	-56.242950	-57.230364	-55.714965
-41.00	-55.923115	-57.260203	-56.227519
-40.90	-55.727379	-57.034388	-56.825645
-40.80	-55.256766	-56.704641	-56.954485
-40.70	-55.521431	-56.683017	-56.813179
-40.60	-55.517354	-56.693891	-56.691399
-40.50	-55.610881	-56.583483	-56.626134
-40.40	-55.550701	-56.395454	-56.386968
-40.30	-55.553992	-56.293359	-55.918582
-40.20	-55.956628	-56.319185	-55.539484
-40.10	-56.299107	-56.579362	-55.405972
-40.00	-56.663232	-56.652884	-55.364935
-39.90	-56.975665	-56.880207	-55.934678
-39.80	-57.146621	-57.031843	-56.404394
-39.70	-57.663859	-57.202457	-57.210333
-39.60	-57.844118	-57.318110	-57.681282
-39.50	-58.050374	-57.378807	-57.801368
-39.40	-57.736581	-57.478465	-57.544094
-39.30	-57.437677	-57.389419	-56.824150
-39.20	-57.179250	-56.916517	-55.947186
-39.10	-57.101424	-56.500327	-55.350172
-39.00	-57.168275	-56.305283	-55.731949
-38.90	-57.102274	-56.162698	-56.546965
-38.80	-57.122694	-55.908223	-57.465382
-38.70	-57.496559	-56.004663	-57.973180
-38.60	-57.828012	-56.014873	-58.208059
-38.50	-58.298059	-56.132346	-58.303426
-38.40	-58.538131	-56.193643	-58.498586
-38.30	-58.525087	-55.667768	-58.624407
-38.20	-58.309210	-55.459283	-58.665117
-38.10	-57.994502	-55.576765	-58.511567
-38.00	-57.377407	-56.038319	-58.111615
-37.90	-56.957674	-56.599524	-57.809756
-37.80	-56.210251	-57.120242	-57.571183
-37.70	-55.777639	-57.306573	-57.390179
-37.60	-55.364385	-57.389430	-56.933568
-37.50	-55.251141	-56.931797	-56.536710
-37.40	-55.079738	-56.886452	-56.511020
-37.30	-55.229442	-56.644823	-56.926592
-37.20	-55.616320	-56.670627	-57.608704
-37.10	-56.315949	-56.679955	-58.047626
-37.00	-57.149311	-56.519734	-58.150757
-36.90	-57.508952	-56.775989	-58.005010
-36.80	-57.332346	-57.007944	-57.707992
-36.70	-57.135122	-57.178180	-56.974888
-36.60	-56.558282	-57.339417	-56.415430
-36.50	-56.896448	-57.346533	-56.183535
-36.40	-57.046836	-57.525340	-56.571902
-36.30	-57.701118	-57.391973	-57.169794
-36.20	-58.067369	-57.627476	-57.471892
-36.10	-58.068423	-57.778408	-57.171324
-36.00	-58.149393	-57.874677	-56.878082
-35.90	-58.174434	-57.438913	-56.103111
-35.80	-58.423538	-57.434980	-56.139999
-35.70	-58.525021	-57.176896	-55.936106
-35.60	-58.501987	-57.328549	-56.594506
-35.50	-58.177052	-57.595099	-57.068174
-35.40	-58.020409	-57.480639	-57.508335
-35.30	-57.902890	-57.022030	-57.410682
-35.20	-57.940343	-57.188900	-57.070440
-35.10	-58.021527	-57.405415	-57.055012
-35.00	-58.042045	-58.334791	-57.219211
-34.90	-57.954439	-58.994058	-57.765222
-34.80	-57.835965	-59.345361	-58.159360
-34.70	-57.585829	-59.430508	-58.265203
-34.60	-57.095414	-59.335088	-58.096655
-34.50	-56.905326	-59.161189	-57.611186
-34.40	-56.597270	-58.846519	-57.056875
-34.30	-56.509404	-58.232539	-56.420430
-34.20	-56.562552	-57.581348	-56.068414
-34.10	-56.404183	-56.817191	-55.528359
-34.00	-56.639065	-56.684106	-55.433575
-33.90	-56.632419	-56.954973	-55.634630
-33.80	-56.737498	-57.495521	-56.069488
-33.70	-56.873375	-57.875908	-56.590797
-33.60	-56.879323	-58.165746	-56.985012
-33.50	-57.236654	-58.224910	-57.208157
-33.40	-57.451932	-57.767522	-57.500671
-33.30	-57.847177	-57.674792	-57.658596
-33.20	-58.066928	-57.611702	-57.497501
-33.10	-58.118661	-57.975648	-56.838349
-33.00	-57.986746	-58.135177	-56.712748
-32.90	-57.793667	-58.273435	-56.487812
-32.80	-57.444860	-58.222575	-56.694041
-32.70	-56.916852	-58.232742	-56.524459
-32.60	-56.182864	-58.300906	-56.405817
-32.50	-55.500878	-58.320882	-55.886327
-32.40	-55.295355	-58.143226	-55.423792
-32.30	-55.514262	-57.793917	-55.480990
-32.20	-55.972649	-57.663252	-55.772628
-32.10	-56.176607	-57.557619	-56.349373
-32.00	-56.188532	-57.516779	-57.079194
-31.90	-56.043782	-57.206928	-57.773393
-31.80	-55.778873	-56.817134	-58.414832
-31.70	-55.303300	-56.722128	-59.005686
-31.60	-54.967517	-56.809061	-59.280457
-31.50	-55.001377	-57.133674	-59.162762
-31.40	-55.335837	-57.252626	-59.114382
-31.30	-55.775084	-57.379552	-59.030745
-31.20	-56.124348	-57.547208	-59.011300
-31.10	-56.401965	-57.752881	-59.125840
-31.00	-56.374042	-57.857693	-59.160849
-30.90	-55.988897	-57.805161	-59.415824
-30.80	-55.655198	-57.537627	-59.636552
-30.70	-55.376071	-57.040281	-59.741539
-30.60	-55.231515	-56.678015	-59.707117
-30.50	-55.216624	-55.856616	-59.627343
-30.40	-55.310725	-55.827145	-59.373193
-30.30	-55.731336	-55.520201	-59.154281
-30.20	-56.041653	-55.977988	-58.899417
-30.10	-56.752715	-56.163383	-58.604122
-30.00	-57.250122	-56.363028	-58.294514
-29.90	-57.779913	-56.335859	-57.909981
-29.80	-58.133145	-56.229191	-57.398991
-29.70	-58.234520	-56.252352	-56.855115
-29.60	-58.095583	-56.456570	-56.208184
-29.50	-57.737062	-56.542884	-55.757763
-29.40	-57.373669	-56.849381	-55.417548
-29.30	-56.928566	-56.979676	-55.131894
-29.20	-56.810257	-57.234212	-55.692305
-29.10	-56.702861	-57.159463	-56.444460
-29.00	-56.381042	-56.846787	-57.372543
-28.90	-55.996410	-56.521285	-58.136834
-28.80	-55.626868	-55.843750	-58.503191
-28.70	-55.808350	-55.622885	-58.594313
-28.60	-56.391468	-55.714709	-58.498524
-28.50	-57.064795	-55.953187	-58.263443
-28.40	-57.558936	-56.418338	-57.982735
-28.30	-57.767753	-56.562991	-57.619179
-28.20	-57.611587	-56.953954	-57.004108
-28.10	-56.969371	-57.174170	-56.641649
-28.00	-56.631576	-57.482383	-56.020173
-27.90	-56.368295	-57.432815	-55.891676
-27.80	-56.455860	-57.393553	-55.418950
-27.70	-56.825410	-57.130489	-54.940279
-27.60	-57.129766	-56.795743	-54.589304
-27.50	-57.357627	-56.823568	-54.419669
-27.40	-57.227928	-56.688471	-54.708085
-27.30	-56.905172	-56.938914	-55.445798
-27.20	-56.554172	-56.896919	-56.090765
-27.10	-56.395347	-56.714714	-56.735964
-27.00	-56.410391	-56.414213	-56.947277
-26.90	-56.295992	-56.289497	-57.239739
-26.80	-56.461888	-56.233098	-57.298355
-26.70	-56.535655	-56.097845	-57.292014
-26.60	-56.691020	-56.259354	-57.228084
-26.50	-56.653932	-56.023873	-57.562442
-26.40	-56.498554	-55.809260	-58.037993
-26.30	-56.344731	-55.368361	-58.604535
-26.20	-56.011375	-55.624736	-58.870241
-26.10	-56.009321	-56.216282	-58.811224
-26.00	-56.198311	-57.087258	-58.420709
-25.90	-56.705447	-57.990401	-58.194479
-25.80	-57.175663	-58.526461	-57.771537
-25.70	-57.390022	-59.007144	-57.941572
-25.60	-57.367637	-59.237650	-58.036682
-25.50	-56.947747	-59.319470	-58.216519
-25.40	-56.726683	-59.284757	-58.057340
-25.30	-56.592771	-59.163023	-57.561243
-25.20	-56.678072	-58.921651	-56.873501
-25.10	-57.096127	-58.547006	-56.608424
-25.00	-57.294542	-58.405642	-56.781779
-24.90	-57.395555	-58.259731	-57.474984
-24.80	-57.662167	-58.353463	-58.192556
-24.70	-57.670655	-58.413200	-58.516839
-24.60	-57.756497	-58.341646	-58.431755
-24.50	-57.674768	-58.151106	-58.420811
-24.40	-57.546027	-57.692421	-58.216655
-24.30	-57.392004	-56.914746	-58.179150
-24.20	-57.575362	-56.022647	-57.810817
-24.10	-57.740417	-55.767450	-57.661994
-24.00	-58.065514	-55.762747	-57.695981
-23.90	-58.274871	-56.416108	-57.964062
-23.80	-58.366335	-57.038807	-58.072717
-23.70	-58.348922	-57.428228	-57.793506
-23.60	-58.245642	-57.693501	-57.608424
-23.50	-58.053858	-57.444341	-57.193924
-23.40	-57.682926	-57.125769	-56.960954
-23.30	-57.387415	-56.785690	-56.893673
-23.20	-57.105711	-57.076411	-56.937451
-23.10	-57.041661	-57.498541	-57.052088
-23.00	-57.246698	-57.884118	-57.331230
-22.90	-57.464521	-57.942344	-57.371218
-22.80	-57.656314	-57.713486	-57.345836
-22.70	-57.579796	-57.554166	-57.138858
-22.60	-57.452290	-57.333571	-56.940052
-22.50	-57.359253	-57.083137	-57.016380
-22.40	-57.380932	-56.069703	-57.057334
-22.30	-57.467461	-55.517825	-57.205051
-22.20	-57.285422	-55.364624	-57.331602
-22.10	-57.170769	-55.932787	-57.471742
-22.00	-57.115922	-56.496073	-57.594037
-21.90	-57.293580	-56.889256	-57.586855
-21.80	-57.488235	-56.669268	-57.231701
-21.70	-57.526300	-56.695949	-56.242159
-21.60	-57.442155	-56.405671	-56.011288
-21.50	-57.241748	-56.694239	-55.691487
-21.40	-56.859557	-57.061827	-56.346244
-21.30	-56.667021	-57.578802	-56.973394
-21.20	-56.358958	-58.107869	-57.490127
-21.10	-56.419021	-58.351675	-57.398831
-21.00	-56.380328	-58.784637	-57.630560
-20.90	-56.336587	-59.183843	-57.732776
-20.80	-55.892056	-59.506793	-58.199482
-20.70	-56.003951	-59.523586	-58.683805
-20.60	-56.014476	-59.329157	-58.969823
-20.50	-56.515756	-58.830105	-58.964916
-20.40	-56.941563	-58.288934	-58.749513
-20.30	-57.154042	-57.860214	-58.676739
-20.20	-57.161766	-57.657826	-58.612673
-20.10	-56.992839	-57.691857	-58.566626
-20.00	-56.478474	-57.707076	-58.512912
-19.90	-56.145591	-58.019514	-58.515543
-19.80	-55.641640	-58.264732	-58.650162
-19.70	-54.888043	-58.627259	-58.857894
-19.60	-54.431427	-58.584573	-58.963769
-19.50	-54.129606	-58.339879	-58.954835
-19.40	-54.583375	-57.957621	-58.793288
-19.30	-55.371990	-58.025511	-58.447226
-19.20	-56.195667	-58.165725	-58.436565
-19.10	-56.853994	-58.537122	-58.365198
-19.00	-57.181369	-58.793796	-58.506385
-18.90	-57.161854	-58.849546	-58.413961
-18.80	-56.763687	-58.771790	-57.991466
-18.70	-56.460537	-58.645541	-57.528803
-18.60	-55.996435	-58.433001	-57.102739
-18.50	-55.973811	-58.184589	-57.116063
-18.40	-55.460902	-57.698702	-57.472153
-18.30	-55.174655	-57.470196	-57.842715
-18.20	-55.244013	-57.285249	-58.257683
-18.10	-55.341996	-57.330914	-58.493664
-18.00	-55.758934	-57.201412	-58.550815
-17.90	-55.666713	-56.722358	-58.449408
-17.80	-56.133457	-56.224797	-58.122833
-17.70	-56.491454	-55.879028	-57.678390
-17.60	-57.394152	-55.685024	-56.923306
-17.50	-58.077887	-55.319571	-56.964597
-17.40	-58.355170	-55.306533	-57.125446
-17.30	-58.046969	-55.316128	-57.712655
-17.20	-57.905217	-55.488016	-58.220182
-17.10	-57.831192	-55.738930	-58.461663
-17.00	-58.086670	-56.044377	-58.402666
-16.90	-58.166986	-56.177856	-58.043559
-16.80	-57.872108	-56.743692	-57.908262
-16.70	-57.958483	-56.966747	-57.677866
-16.60	-57.960925	-57.454261	-57.290135
-16.50	-58.360357	-57.504711	-57.098978
-16.40	-58.517350	-57.929923	-57.076357
-16.30	-58.043113	-58.281269	-57.270031
-16.20	-57.789864	-58.704292	-57.669266
-16.10	-57.541831	-58.992996	-57.930529
-16.00	-57.915285	-59.096152	-57.931447
-15.90	-58.388335	-58.853244	-57.629498
-15.80	-58.703178	-58.772821	-56.931478
-15.70	-58.612364	-58.420268	-56.390528
-15.60	-58.623206	-58.592647	-56.028715
-15.50	-58.527237	-58.779563	-55.749999
-15.40	-58.649161	-59.110257	-55.934548
-15.30	-58.583872	-59.405745	-55.724882
-15.20	-58.415017	-59.541594	-55.201245
-15.10	-58.355719	-59.443549	-55.328341
-15.00	-58.323524	-59.225737	-55.269057
-14.90	-58.456993	-58.744245	-55.988330
-14.80	-58.525197	-58.492748	-56.215923
-14.70	-58.467444	-58.292116	-56.634883
-14.60	-58.325221	-58.356122	-56.881296
-14.50	-57.991414	-58.403749	-57.490146
-14.40	-57.478278	-58.304878	-57.796263
-14.30	-56.356086	-57.966842	-57.535553
-14.20	-55.685971	-57.206507	-57.248506
-14.10	-55.500731	-56.562593	-57.142754
-14.00	-55.954221	-56.394970	-57.176806
-13.90	-56.653037	-56.424530	-57.317063
-13.80	-57.354196	-57.020331	-57.586395
-13.70	-57.758205	-57.424209	-57.615781
-13.60	-58.158000	-57.633233	-57.619665
-13.50	-58.503575	-57.613249	-57.759965
-13.40	-58.647379	-57.787160	-57.531431
-13.30	-58.545029	-57.733571	-57.809337
-13.20	-58.300809	-57.695885	-57.982339
-13.10	-58.222829	-57.587789	-58.313996
-13.00	-58.196803	-57.470550	-58.564538
-12.90	-58.249603	-57.260763	-58.706400
-12.80	-57.849536	-56.936598	-58.728675
-12.70	-57.698027	-56.690956	-58.694649
-12.60	-57.613669	-56.556007	-58.627978
-12.50	-57.947071	-56.805228	-58.551387
-12.40	-58.394301	-56.957825	-58.400777
-12.30	-58.700069	-57.426830	-58.186300
-12.20	-58.813826	-57.659186	-57.804256
-12.10	-58.782813	-57.953388	-57.510842
-12.00	-58.739766	-57.920304	-57.332077
-11.90	-58.657453	-57.958541	-57.205943
-11.80	-58.576404	-57.862804	-57.221222
-11.70	-58.497192	-57.967824	-57.272653
-11.60	-58.323461	-57.980286	-57.468572
-11.50	-58.106744	-57.628282	-57.611310
-11.40	-57.708730	-57.426393	-57.590950
-11.30	-56.985693	-56.977144	-57.491859
-11.20	-56.855463	-57.085409	-57.341136
-11.10	-56.693868	-57.088645	-57.077181
-11.00	-57.123681	-57.097857	-56.621540
-10.90	-57.295870	-57.187157	-56.076940
-10.80	-57.045826	-56.842605	-55.926802
-10.70	-56.832865	-56.211371	-56.019417
-10.60	-56.612035	-55.856841	-56.402520
-10.50	-56.806882	-55.524604	-56.443153
-10.40	-57.136412	-56.393860	-56.027777
-10.30	-57.432122	-57.229300	-55.469418
-10.20	-57.548215	-58.336339	-54.660328
-10.10	-57.434821	-59.007872	-54.350053
-10.00	-57.067790	-59.375657	-54.223876
-9.90	-56.681382	-59.554536	-54.670704
-9.80	-56.194148	-59.654334	-55.076504
-9.70	-55.703795	-59.702394	-55.637260
-9.60	-55.658225	-59.669288	-55.540480
-9.50	-55.617422	-59.623179	-55.176392
-9.40	-55.511245	-59.539314	-55.217872
-9.30	-55.262648	-59.438999	-54.962146
-9.20	-55.305724	-59.264281	-55.315562
-9.10	-55.824087	-59.100873	-55.937734
-9.00	-56.716832	-58.947059	-56.638313
-8.90	-57.574106	-58.745309	-57.509319
-8.80	-58.050644	-58.478638	-58.055793
-8.70	-58.214484	-58.119610	-58.127968
-8.60	-58.062182	-57.881756	-57.523601
-8.50	-57.774180	-57.762634	-57.210811
-8.40	-57.600162	-57.797025	-56.955134
-8.30	-57.458785	-57.798397	-57.357662
-8.20	-57.385707	-57.554502	-58.104501
-8.10	-57.466035	-57.425689	-58.804957
-8.00	-57.415026	-57.360971	-59.263176
-7.90	-57.428692	-57.462694	-59.502935
-7.80	-57.164514	-57.460813	-59.581177
-7.70	-56.241204	-57.162409	-59.535547
-7.60	-55.591615	-57.084706	-59.304434
-7.50	-55.201203	-57.205416	-58.975224
-7.40	-55.833068	-57.667229	-58.842467
-7.30	-56.870786	-58.124986	-58.724514
-7.20	-57.724060	-58.407682	-58.681030
-7.10	-58.165489	-58.524530	-58.468142
-7.00	-58.500706	-58.523860	-58.134190
-6.90	-58.714147	-58.491963	-57.891412
-6.80	-59.060376	-58.411793	-57.509054
-6.70	-59.240643	-58.230029	-57.541907
-6.60	-59.178829	-57.798205	-57.282653
-6.50	-58.962961	-57.260978	-57.568263
-6.40	-58.933231	-56.731928	-57.763352
-6.30	-58.957829	-56.720002	-58.102114
-6.20	-59.141388	-57.009051	-58.326174
-6.10	-59.131080	-57.291026	-58.390459
-6.00	-58.935129	-57.631494	-58.224602
-5.90	-58.894322	-57.763549	-57.677144
-5.80	-58.908138	-57.904491	-57.267700
-5.70	-59.003988	-57.799876	-56.815101
-5.60	-58.869700	-57.804427	-56.871761
-5.50	-58.455459	-57.777491	-57.180631
-5.40	-58.166779	-57.908720	-57.696087
-5.30	-57.667233	-58.006983	-57.920741
-5.20	-57.548893	-57.944988	-57.675010
-5.10	-57.402261	-57.748762	-57.395749
-5.00	-57.520087	-57.683143	-56.952651
-4.90	-57.724116	-57.691706	-56.935847
-4.80	-57.851960	-57.755047	-56.959236
-4.70	-57.568535	-57.579971	-57.156715
-4.60	-57.593987	-57.287511	-56.984034
-4.50	-57.620689	-57.106156	-56.235979
-4.40	-58.115622	-56.765202	-55.727131
-4.30	-58.368089	-56.581314	-55.094563
-4.20	-58.310292	-56.683471	-55.332380
-4.10	-58.365354	-56.923573	-55.996309
-4.00	-58.307583	-57.347599	-56.844697
-3.90	-58.518794	-57.517383	-57.655154
-3.80	-58.537399	-57.160050	-58.081996
-3.70	-58.261327	-57.077240	-58.167452
-3.60	-57.880703	-57.106025	-57.979058
-3.50	-57.621027	-57.638566	-57.499421
-3.40	-57.624545	-58.165865	-57.004266
-3.30	-57.985153	-58.473993	-56.597030
-3.20	-58.381818	-58.585600	-56.824373
-3.10	-58.875728	-58.584645	-57.301583
-3.00	-59.109999	-58.531041	-57.878242
-2.90	-59.202893	-58.418181	-58.220745
-2.80	-59.210942	-58.203068	-58.137647
-2.70	-59.218655	-57.706409	-57.651018
-2.60	-59.195857	-57.541297	-57.505113
-2.50	-59.114777	-57.399682	-57.427234
-2.40	-59.021065	-57.543650	-57.878271
-2.30	-58.887667	-57.616897	-58.117400
-2.20	-58.655459	-57.501674	-57.997857
-2.10	-58.228705	-56.963478	-57.520880
-2.00	-57.428574	-56.430290	-57.403338
-1.90	-57.163116	-56.045989	-57.536173
-1.80	-56.826000	-55.804415	-57.869472
-1.70	-56.750546	-55.964889	-58.206485
-1.60	-56.848829	-55.582628	-58.348306
-1.50	-56.948945	-55.877460	-58.314158
-1.40	-56.956062	-55.777836	-58.163174
-1.30	-57.456550	-56.193735	-57.895223
-1.20	-57.690080	-56.460915	-57.208597
-1.10	-57.928833	-56.800272	-56.730843
-1.00	-57.780823	-56.647975	-56.398770
-0.90	-57.432636	-57.037999	-56.360229
-0.80	-57.276825	-57.208858	-56.180203
-0.70	-57.032810	-57.671840	-56.202382
-0.60	-57.526871	-58.026381	-55.938934
-0.50	-57.844778	-58.347977	-55.445643
-0.40	-58.194834	-58.658734	-55.132229
-0.30	-58.403630	-58.886979	-55.039746
-0.20	-58.363865	-58.671825	-55.588651
-0.10	-58.041236	-58.621783	-56.434779
0.00	-57.921494	-58.412330	-56.940798
0.10	-57.780874	-58.328763	-57.337179
0.20	-57.955528	-58.488605	-57.359119
0.30	-57.972937	-58.589282	-57.237665
0.40	-57.732872	-58.817045	-57.178652
0.50	-57.132245	-58.923133	-57.243370
0.60	-56.976097	-58.888097	-57.544830
0.70	-56.874360	-58.608101	-57.973680
0.80	-57.234136	-58.192665	-58.106402
0.90	-57.335663	-57.985426	-57.870599
1.00	-56.990681	-57.631058	-57.850200
1.10	-56.560305	-57.349448	-57.771755
1.20	-56.113077	-57.249485	-57.992688
1.30	-55.927902	-57.252025	-58.067393
1.40	-56.108494	-57.544758	-57.734021
1.50	-56.219696	-57.552559	-57.622889
1.60	-56.196513	-57.460451	-57.361330
1.70	-55.924828	-57.589171	-57.375046
1.80	-55.831377	-57.915313	-57.568661
1.90	-55.705341	-58.377426	-57.732059
2.00	-55.675783	-58.626950	-57.774644
2.10	-55.545807	-58.670922	-57.312240
2.20	-55.594058	-58.529923	-56.771691
2.30	-55.723485	-58.071686	-55.910166
2.40	-56.247206	-57.718648	-56.061943
2.50	-56.757680	-57.309390	-56.458248
2.60	-57.307103	-56.780124	-57.291067
2.70	-57.885934	-56.874988	-57.684219
2.80	-58.078281	-56.889231	-58.136369
2.90	-58.039599	-57.323563	-58.285675
3.00	-58.079126	-57.502383	-58.550761
3.10	-58.146592	-57.256578	-58.713282
3.20	-58.327806	-56.964977	-58.685331
3.30	-58.382690	-56.802130	-58.451423
3.40	-58.202597	-56.843869	-57.972664
3.50	-58.008188	-56.727492	-57.701006
3.60	-57.916003	-56.891103	-57.159681
3.70	-57.989898	-57.116965	-57.097231
3.80	-58.074901	-57.619217	-57.183004
3.90	-57.827795	-57.876878	-57.520310
4.00	-57.315249	-57.934248	-58.021993
4.10	-57.040843	-57.977964	-58.288141
4.20	-57.179445	-57.981253	-58.301022
4.30	-57.681578	-58.104883	-58.107016
4.40	-58.353585	-58.143775	-57.688316
4.50	-58.654362	-58.004341	-56.793251
4.60	-58.726991	-57.570398	-56.382290
4.70	-58.842498	-57.376419	-55.950330
4.80	-59.053558	-57.065062	-55.820563
4.90	-59.345636	-56.678930	-55.449149
5.00	-59.485861	-55.571732	-54.015705
5.10	-59.417496	-53.666600	-51.050708
5.20	-59.127226	-50.490040	-47.561054
5.30	-58.344268	-47.265280	-42.722038
5.40	-57.171452	-43.133321	-33.494874
5.50	-55.538726	-38.749191	-26.468214
5.60	-53.018576	-32.482453	-24.702753
5.70	-49.559424	-28.658202	-28.316732
5.80	-43.859407	-29.155646	-36.331657
5.90	-36.042095	-32.729251	-45.565246
6.00	-28.498176	-39.296994	-52.759499
6.10	-24.645911	-46.332338	-57.169230
6.20	-25.500891	-52.127860	-59.374783
6.30	-31.429386	-55.815248	-60.343165
6.40	-39.316448	-57.854997	-60.724407
6.50	-47.221764	-58.713521	-61.060308
6.60	-53.100676	-59.126068	-61.264197
6.70	-56.463226	-59.337122	-61.340539
6.80	-57.864423	-59.452948	-61.403797
6.90	-58.065185	-59.495884	-61.456744
7.00	-57.888278	-59.635310	-61.422703
7.10	-57.695505	-59.909373	-61.268138
7.20	-57.444566	-60.332868	-61.069622
7.30	-57.319267	-60.652228	-60.876157
7.40	-57.369797	-60.877976	-60.435151
7.50	-57.468157	-60.878286	-59.917663
7.60	-57.587652	-60.748929	-59.110424
7.70	-57.804407	-60.589410	-58.226245
7.80	-58.063911	-60.106338	-57.348889
7.90	-58.346863	-59.370325	-56.372961
8.00	-58.533631	-58.597224	-54.970734
8.10	-58.627773	-57.829611	-53.742584
8.20	-58.665396	-56.950248	-52.273502
8.30	-58.641375	-56.045049	-51.230430
8.40	-58.480132	-54.918026	-50.779659
8.50	-58.079493	-53.574481	-50.445285
8.60	-57.565679	-51.370469	-49.860956
8.70	-56.859747	-50.083392	-48.956488
8.80	-56.087377	-48.658171	-48.865153
8.90	-55.001066	-48.075680	-48.129658
9.00	-53.592801	-47.757364	-47.899506
9.10	-51.887371	-46.726422	-47.748046
9.20	-50.128041	-45.970961	-46.449463
9.30	-48.541614	-45.389775	-46.012924
9.40	-47.559301	-45.513157	-45.096348
9.50	-47.283274	-45.718805	-45.665775
9.60	-47.333369	-46.233582	-47.196751
9.70	-46.708805	-46.688304	-49.629395
9.80	-45.384894	-47.038987	-51.994778
9.90	-44.497122	-47.451695	-53.633104
10.00	-44.335132	-47.354538	-53.998123
10.10	-45.580555	-48.146134	-53.606923
10.20	-46.800754	-48.944198	-52.834146
10.30	-48.636801	-49.611899	-51.933891
10.40	-49.200875	-50.818953	-51.202241
10.50	-49.761694	-51.385544	-50.979243
10.60	-50.144617	-52.345538	-51.437585
10.70	-50.839282	-53.304114	-52.210276
10.80	-51.858506	-53.859101	-52.988586
10.90	-52.491347	-53.998234	-53.087286
11.00	-52.395178	-53.475608	-52.362809
11.10	-50.968970	-52.602907	-51.185900
11.20	-49.766908	-51.459942	-49.944445
11.30	-48.227023	-50.569432	-48.827378
11.40	-47.827644	-50.488411	-48.234223
11.50	-48.384886	-50.552173	-48.153931
11.60	-49.542228	-50.612134	-48.875577
11.70	-50.220812	-50.278497	-49.538633
11.80	-50.818037	-49.967753	-50.068621
11.90	-50.582926	-49.786629	-50.317931
12.00	-50.341097	-49.771467	-50.819486
12.10	-49.343851	-49.304848	-51.603023
12.20	-48.542956	-48.959397	-52.352900
12.30	-47.814596	-48.286801	-52.450448
12.40	-47.311428	-48.698644	-51.913681
12.50	-47.273131	-48.792525	-51.551114
12.60	-47.977049	-49.106139	-50.821937
12.70	-48.539603	-48.646177	-50.182515
12.80	-49.053931	-47.792626	-49.585209
12.90	-49.258250	-47.368110	-49.241926
13.00	-49.482569	-47.007272	-49.059111
13.10	-49.927606	-47.622757	-48.397006
13.20	-50.448936	-48.412711	-47.996503
13.30	-50.880518	-49.255996	-47.578323
13.40	-50.750946	-49.881142	-48.231050
13.50	-50.222747	-50.389931	-49.153694
13.60	-50.199959	-50.556335	-50.386334
13.70	-50.033762	-50.452122	-50.801796
13.80	-50.947403	-49.711715	-50.812535
13.90	-51.753963	-49.240530	-50.450152
14.00	-52.440911	-49.556064	-49.794167
14.10	-52.290999	-50.797749	-49.169174
14.20	-52.197924	-51.958594	-48.949921
14.30	-51.734634	-52.552681	-48.622425
14.40	-51.322449	-52.094816	-48.303675
14.50	-50.975768	-51.525131	-47.449132
14.60	-49.515960	-50.459844	-47.414117
14.70	-48.938843	-50.109045	-47.341562
14.80	-48.221079	-50.325272	-48.036527
14.90	-48.267781	-50.533144	-48.890647
15.00	-48.051119	-50.857986	-50.000208
15.10	-47.920718	-50.922568	-51.513521
15.20	-47.424897	-50.475770	-52.888541
15.30	-46.386172	-50.261725	-53.227350
15.40	-46.633144	-49.580610	-52.809784
15.50	-46.773863	-49.104695	-51.480320
15.60	-48.559145	-48.465252	-50.895592
15.70	-49.807756	-48.104917	-50.296476
15.80	-50.551114	-47.776456	-50.847241
15.90	-51.446242	-47.539000	-51.092124
16.00	-51.684970	-46.650812	-51.605476
16.10	-52.705955	-46.022017	-51.686389
16.20	-52.895491	-45.701515	-51.858621
16.30	-52.984107	-46.451978	-51.518993
16.40	-52.387532	-47.758236	-50.904978
16.50	-51.748099	-49.273393	-50.878494
16.60	-51.039337	-50.338510	-51.059854
16.70	-50.040779	-50.654960	-51.624552
16.80	-49.481163	-50.809277	-51.225599
16.90	-48.432580	-50.591968	-50.988908
17.00	-48.146534	-50.919752	-50.156973
17.10	-48.038786	-50.979950	-50.098260
17.20	-48.567867	-51.730932	-50.240379
17.30	-49.306978	-51.952176	-50.649133
17.40	-49.477790	-52.560745	-50.457105
17.50	-49.611941	-52.695816	-50.244111
17.60	-49.689717	-52.698643	-49.945552
17.70	-49.580417	-51.884642	-49.929099
17.80	-49.879926	-50.860116	-50.358143
17.90	-49.955392	-49.881876	-50.576539
18.00	-49.711480	-49.770581	-50.724655
18.10	-49.618409	-49.847421	-50.104037
18.20	-49.443900	-50.029617	-49.377663
18.30	-49.449350	-50.003823	-48.114355
18.40	-49.562174	-50.034018	-46.970048
18.50	-49.405367	-50.156606	-46.778597
18.60	-49.852506	-50.225742	-47.382742
18.70	-50.377369	-49.682921	-48.478989
18.80	-51.186457	-49.482701	-49.170282
18.90	-50.973812	-49.358346	-49.233518
19.00	-50.398949	-49.371794	-48.380940
19.10	-49.788176	-49.598458	-47.964798
19.20	-49.929273	-49.611543	-48.017173
19.30	-50.454172	-49.279938	-48.596679
19.40	-51.251613	-49.818325	-49.320035
19.50	-51.327036	-50.008350	-49.824105
19.60	-51.157905	-50.739824	-50.268342
19.70	-50.630207	-50.467150	-50.705103
19.80	-50.470646	-50.569095	-50.411209
19.90	-50.326807	-50.577599	-50.178327
20.00	-50.133020	-51.340642	-49.447536
20.10	-49.644043	-51.871917	-49.117964
20.20	-49.054524	-52.097081	-49.541036
20.30	-49.326381	-51.571702	-50.360230
20.40	-50.184178	-51.506761	-51.127619
20.50	-51.254843	-51.443002	-51.705774
20.60	-51.576767	-51.722799	-51.849720
20.70	-51.058300	-51.580598	-51.747431
20.80	-50.236760	-50.882683	-51.636191
20.90	-49.378686	-49.911242	-51.442057
21.00	-49.021026	-48.895317	-51.641980
21.10	-48.873330	-47.928263	-51.500936
21.20	-48.660098	-47.247054	-51.432107
21.30	-48.693315	-46.586108	-50.587226
21.40	-49.123795	-46.666174	-49.755466
21.50	-49.318893	-46.824862	-48.542328
21.60	-49.135727	-47.648200	-48.784428
21.70	-48.692415	-47.864296	-49.514581
21.80	-48.312874	-48.335771	-50.482662
21.90	-48.289569	-48.080856	-51.099439
22.00	-48.933472	-47.895572	-51.493734
22.10	-49.451398	-47.866848	-51.827903
22.20	-49.682409	-48.136906	-52.177324
22.30	-49.551060	-49.007103	-52.373500
22.40	-49.086950	-49.676365	-52.213040
22.50	-48.539280	-50.463789	-51.795586
22.60	-48.057580	-50.276215	-52.050283
22.70	-47.889387	-50.212133	-52.369201
22.80	-47.776466	-49.999950	-52.905462
22.90	-47.825302	-50.506485	-53.011921
23.00	-48.193276	-51.076833	-52.726924
23.10	-48.552191	-52.006035	-51.411809
23.20	-49.783243	-52.603732	-50.582922
23.30	-50.857915	-52.901163	-49.885636
23.40	-51.490771	-53.166342	-49.867669
23.50	-51.766444	-53.405955	-49.968679
23.60	-51.843986	-53.347755	-49.829886
23.70	-51.970226	-52.841642	-49.784653
23.80	-52.217859	-51.793590	-49.355655
23.90	-52.348428	-50.504059	-49.089929
24.00	-52.288775	-49.688022	-48.994699
24.10	-51.733704	-49.061999	-49.548886
24.20	-51.460469	-49.163662	-49.932997
24.30	-51.295679	-49.738673	-50.213883
24.40	-51.838888	-50.749517	-50.630715
24.50	-52.062371	-51.515395	-50.662668
24.60	-51.723234	-51.839521	-51.120235
24.70	-51.377949	-51.869386	-51.406056
24.80	-50.884380	-51.122354	-52.039255
24.90	-51.092069	-50.436892	-52.590252
25.00	-51.303875	-49.452789	-52.882681
25.10	-51.346456	-48.603403	-52.624451
25.20	-51.375327	-47.831098	-52.269868
25.30	-50.591766	-47.946464	-51.441903
25.40	-49.203982	-48.422384	-51.544725
25.50	-48.581440	-49.305713	-51.598629
25.60	-48.029999	-49.883960	-52.061689
25.70	-48.437141	-50.655248	-52.222726
25.80	-48.911411	-51.174493	-51.973617
25.90	-49.064638	-51.606497	-51.225792
26.00	-49.160105	-51.360251	-50.468433
26.10	-49.343323	-51.299283	-49.294822
26.20	-49.368252	-51.155962	-49.038510
26.30	-49.348999	-51.538306	-48.811666
26.40	-49.065425	-51.803487	-49.140235
26.50	-49.168364	-51.454964	-50.032624
26.60	-49.575337	-50.845332	-50.636539
26.70	-49.967650	-50.009830	-51.267447
26.80	-50.220598	-49.401945	-51.779233
26.90	-49.881103	-48.712581	-51.831419
27.00	-49.730862	-48.721386	-51.615885
27.10	-49.653201	-48.959260	-50.975942
27.20	-50.685268	-49.180748	-49.340982
27.30	-51.133895	-49.238154	-48.439901
27.40	-51.602169	-49.134675	-48.369277
27.50	-51.879713	-48.892717	-49.106769
27.60	-51.683764	-49.249635	-50.257369
27.70	-52.165649	-49.727979	-50.768122
27.80	-52.119936	-50.102290	-51.561732
27.90	-52.309217	-50.380242	-51.847302
28.00	-51.777013	-49.806696	-52.426356
28.10	-51.590596	-49.848481	-52.878004
28.20	-51.264937	-49.584736	-52.955761
28.30	-51.167926	-50.029459	-52.743665
28.40	-51.203249	-50.287798	-52.060010
28.50	-50.717550	-50.948772	-51.264253
28.60	-49.702614	-51.556574	-50.658873
28.70	-49.228726	-51.926821	-49.959984
28.80	-48.698340	-51.690176	-49.871478
28.90	-48.888128	-50.568908	-49.483379
29.00	-48.633578	-49.610873	-49.583491
29.10	-48.732473	-48.701829	-49.199987
29.20	-48.878666	-48.366431	-48.845129
29.30	-49.749177	-49.033972	-48.261732
29.40	-50.549195	-49.484573	-47.931672
29.50	-51.329463	-50.001165	-48.281410
29.60	-51.622287	-50.094669	-49.186230
29.70	-51.455484	-49.817212	-50.587067
29.80	-50.421265	-49.397680	-51.552433
29.90	-48.567228	-49.079788	-52.146145
30.00	-46.846213	-48.871518	-52.763523
30.10	-45.740753	-49.122037	-53.108335
30.20	-46.715931	-49.584282	-53.278123
30.30	-48.391870	-49.794245	-52.968231
30.40	-50.582190	-50.423448	-52.652476
30.50	-52.052242	-50.654467	-52.488243
30.60	-52.609811	-51.202551	-52.507671
30.70	-52.481675	-51.343421	-52.433122
30.80	-52.072957	-51.460273	-52.072633
30.90	-51.211246	-51.507973	-51.084451
31.00	-50.321500	-50.715655	-50.233990
31.10	-48.974055	-50.214205	-49.087755
31.20	-48.335586	-49.630100	-47.832975
31.30	-47.574061	-49.678645	-47.722008
31.40	-47.615426	-49.735927	-47.422897
31.50	-47.513938	-49.876161	-48.218195
31.60	-47.566547	-49.340026	-48.660008
31.70	-47.767730	-49.276165	-49.094648
31.80	-47.393914	-49.401732	-49.782978
31.90	-47.649760	-49.826008	-50.747511
32.00	-47.999666	-50.508597	-51.714158
32.10	-48.067539	-50.625756	-52.509711
32.20	-49.148425	-51.383474	-52.452996
32.30	-49.654706	-51.760432	-52.201149
32.40	-50.412526	-52.225426	-51.802768
32.50	-51.295499	-52.127604	-51.593858
32.60	-51.825921	-52.021233	-51.706826
32.70	-52.336006	-51.626575	-51.511557
32.80	-52.783009	-51.729186	-51.442721
32.90	-52.769124	-51.623359	-51.125558
33.00	-52.552388	-51.727361	-51.033393
33.10	-52.136645	-51.324520	-51.020190
33.20	-51.515663	-51.155442	-50.958019
33.30	-50.631021	-50.548815	-50.534031
33.40	-50.180375	-50.469752	-51.041072
33.50	-49.677053	-50.124950	-51.036834
33.60	-49.427923	-50.033574	-52.345361
33.70	-49.005364	-49.792290	-53.082277
33.80	-48.953679	-49.377346	-53.955412
33.90	-49.355379	-49.299843	-54.363787
34.00	-49.726597	-49.013288	-54.364652
34.10	-49.463675	-49.139007	-54.072164
34.20	-49.052739	-49.531633	-53.496171
34.30	-48.584510	-50.419483	-52.650555
34.40	-48.757919	-51.218018	-51.899328
34.50	-49.217112	-51.699727	-51.124873
34.60	-50.035457	-51.795080	-50.368475
34.70	-50.537580	-50.956951	-49.834553
34.80	-51.232549	-50.541550	-49.135057
34.90	-51.103495	-50.071767	-48.687646
35.00	-51.028974	-50.544682	-48.548365
35.10	-50.876204	-50.728754	-49.282311
35.20	-50.515045	-50.694936	-49.445667
35.30	-49.848970	-50.553719	-50.334700
35.40	-49.407918	-50.865773	-50.593089
35.50	-48.562277	-51.227357	-51.441453
35.60	-48.207452	-51.790504	-51.624110
35.70	-48.285542	-52.345417	-51.747108
35.80	-48.935498	-52.853551	-50.954645
35.90	-50.209127	-53.442076	-51.163519
36.00	-50.889285	-53.622403	-51.120196
36.10	-51.718910	-52.983382	-51.435537
36.20	-51.745536	-52.771309	-51.290399
36.30	-51.478039	-52.447356	-50.756945
36.40	-50.644699	-52.409088	-50.170363
36.50	-50.402275	-51.495821	-50.342145
36.60	-50.193524	-51.057104	-50.710526
36.70	-50.960191	-50.330826	-51.998502
36.80	-50.934962	-50.102110	-52.742434
36.90	-50.969080	-50.157448	-53.202220
37.00	-49.476843	-49.539707	-52.964568
37.10	-48.454321	-49.477317	-53.072286
37.20	-47.702507	-49.185447	-53.463115
37.30	-48.362705	-49.872338	-54.172199
37.40	-49.319568	-50.253696	-54.757729
37.50	-51.146529	-50.140411	-54.986594
37.60	-52.154613	-49.699888	-54.872786
37.70	-53.072242	-48.516674	-54.378108
37.80	-52.786096	-48.229243	-53.487605
37.90	-51.724111	-48.049955	-52.262239
38.00	-51.348714	-48.335480	-51.280414
38.10	-51.074699	-48.293585	-50.683820
38.20	-51.470545	-48.309289	-50.363750
38.30	-51.666186	-48.694001	-50.399358
38.40	-50.947807	-49.111155	-50.731945
38.50	-50.148364	-49.474344	-51.088270
38.60	-49.057570	-49.905458	-51.493206
38.70	-48.371403	-49.782192	-51.318812
38.80	-47.918593	-49.342645	-50.733809
38.90	-47.845669	-49.822657	-50.390403
39.00	-48.471863	-50.295258	-50.516659
39.10	-49.417755	-51.408490	-50.641047
39.20	-51.175557	-52.334445	-51.162879
39.30	-52.552019	-52.402997	-51.055041
39.40	-53.025639	-52.287867	-50.478362
39.50	-52.843151	-51.567911	-49.985013
39.60	-52.053254	-51.524222	-48.810457
39.70	-51.170744	-51.246419	-48.756450
39.80	-50.789777	-50.749164	-49.395314
39.90	-49.967831	-49.899460	-50.710735
40.00	-50.340249	-48.839830	-52.119441
40.10	-50.320978	-47.991033	-52.722017
40.20	-50.499068	-48.474802	-52.831124
40.30	-50.566090	-49.410908	-52.700101
40.40	-50.212548	-50.877129	-52.871042
40.50	-50.108446	-51.692974	-53.179892
40.60	-50.140852	-51.935189	-53.140205
40.70	-49.872374	-51.409610	-52.713775
40.80	-50.331358	-50.532911	-52.328634
40.90	-50.156633	-49.580865	-51.964867
41.00	-50.865136	-48.707037	-51.852701
41.10	-51.283594	-48.730745	-52.089378
41.20	-51.605762	-48.459655	-52.574241
41.30	-51.785054	-49.254935	-53.014875
41.40	-51.379149	-49.394777	-53.163328
41.50	-50.316691	-50.333832	-52.785591
41.60	-49.280242	-51.125505	-52.238483
41.70	-48.507195	-52.224115	-51.569950
41.80	-48.878874	-52.607921	-51.172241
41.90	-49.320372	-52.733506	-51.683095
42.00	-50.074826	-52.453304	-51.987252
42.10	-50.567091	-51.913731	-52.328715
42.20	-51.252266	-51.766151	-52.352400
42.30	-51.796315	-51.494119	-51.989809
42.40	-52.250108	-51.100439	-51.329241
42.50	-52.071006	-50.784591	-50.857834
42.60	-52.085254	-50.524016	-50.276050
42.70	-50.985488	-50.373830	-49.544865
42.80	-50.715613	-50.047051	-48.622259
42.90	-49.643521	-49.025684	-48.347756
43.00	-50.152893	-48.601037	-48.106040
43.10	-50.047805	-48.062459	-48.384834
43.20	-50.697005	-48.594871	-48.325438
43.30	-50.946246	-49.183513	-48.451383
43.40	-51.139014	-49.323285	-48.777275
43.50	-50.487865	-49.878983	-49.483857
43.60	-49.753915	-49.698970	-50.298611
43.70	-49.242204	-49.967696	-51.263912
43.80	-49.197142	-49.998282	-51.715387
43.90	-49.485801	-49.841300	-51.853935
44.00	-49.496810	-50.424625	-52.220277
44.10	-49.168099	-50.833729	-52.461874
44.20	-49.435025	-51.515828	-53.245177
44.30	-49.653703	-52.384412	-53.597372
44.40	-49.892253	-52.793234	-54.171386
44.50	-49.874981	-53.042539	-54.413098
44.60	-49.847551	-52.890908	-54.479244
44.70	-50.172469	-53.025758	-54.454723
44.80	-50.180514	-53.404417	-54.095994
44.90	-50.364856	-54.103635	-53.706468
45.00	-50.557904	-54.622601	-53.130666
45.10	-50.801425	-54.924577	-52.555950
45.20	-51.119860	-54.804021	-51.628372
45.30	-51.144326	-54.627244	-50.664014
45.40	-51.015784	-54.000702	-49.409395
45.50	-50.666745	-53.152620	-48.602215
45.60	-50.339142	-51.848616	-47.969755
45.70	-50.291520	-50.700070	-47.664844
45.80	-49.879531	-49.705656	-47.628747
45.90	-48.437240	-48.561154	-47.917680
46.00	-47.810031	-48.457229	-48.464685
46.10	-47.437188	-48.293120	-48.820107
46.20	-48.636182	-48.703069	-48.435602
46.30	-49.805681	-48.758100	-48.106174
46.40	-51.108739	-48.382397	-47.800187
46.50	-51.454955	-47.212974	-48.475054
46.60	-51.724323	-45.924757	-49.513431
46.70	-51.794862	-44.940143	-50.732533
46.80	-51.802660	-44.569008	-51.124433
46.90	-52.042463	-45.440863	-51.100191
47.00	-52.110499	-46.673122	-50.442623
47.10	-51.975589	-48.572745	-50.628518
47.20	-52.273145	-49.870104	-51.057174
47.30	-52.377878	-50.554190	-52.024849
47.40	-52.488225	-51.282954	-52.830921
47.50	-52.263212	-51.586638	-52.972197
47.60	-51.814810	-51.859180	-52.734738
47.70	-51.019931	-52.145724	-51.554974
47.80	-50.242148	-52.636900	-51.228413
47.90	-49.198653	-52.928003	-50.782686
48.00	-47.850825	-53.051722	-50.863276
48.10	-47.209580	-52.711791	-51.145402
48.20	-47.405921	-52.204390	-51.514498
48.30	-48.657044	-51.728600	-51.374977
48.40	-50.379840	-51.358836	-51.665781
48.50	-51.253207	-51.489173	-51.948981
48.60	-50.969944	-51.449208	-52.654710
48.70	-50.482720	-51.446127	-53.446900
48.80	-49.932199	-50.900313	-53.838395
48.90	-49.836580	-50.827986	-53.823030
49.00	-50.283630	-50.589103	-53.422327
49.10	-50.267452	-50.862963	-52.402069
49.20	-49.965371	-51.031247	-51.671846
49.30	-49.732973	-51.185518	-51.174759
49.40	-49.866667	-51.423652	-50.984638
49.50	-50.837813	-51.238797	-50.702926
49.60	-51.931105	-50.872477	-50.644360
49.70	-52.163591	-50.305819	-50.404749
49.80	-51.850927	-50.538359	-50.937208
49.90	-51.427611	-50.877225	-51.578554
50.00	-51.221137	-51.675658	-52.357449
50.10	-51.587827	-51.896132	-52.595667
50.20	-51.332839	-51.663483	-52.284379
50.30	-51.201512	-50.994475	-52.043380
50.40	-50.799333	-49.995008	-51.929940
50.50	-50.546178	-49.902413	-52.381283
50.60	-50.335631	-49.833843	-52.195571
50.70	-49.816843	-50.746209	-51.936114
50.80	-49.087612	-51.643696	-51.368949
50.90	-49.142033	-52.010577	-51.115215
51.00	-49.818915	-52.207161	-50.687695
51.10	-51.116419	-51.720248	-50.148743
51.20	-52.241019	-51.339828	-50.162165
51.30	-53.055818	-51.277573	-50.308826
51.40	-52.759321	-51.643004	-51.488706
51.50	-51.851249	-51.937444	-52.204378
51.60	-50.735423	-51.344990	-52.518858
51.70	-49.875830	-50.912396	-53.078652
51.80	-49.807541	-49.832084	-53.283501
51.90	-49.994269	-49.013766	-53.826889
52.00	-50.658662	-48.191564	-53.916904
52.10	-51.349474	-48.206858	-53.326616
52.20	-52.035783	-48.849609	-52.325833
52.30	-52.856036	-49.925532	-51.871862
52.40	-53.191212	-50.696456	-51.932967
52.50	-53.043410	-50.701551	-52.434300
52.60	-52.743143	-49.828732	-52.929377
52.70	-52.448290	-49.222487	-52.674703
52.80	-52.220529	-48.968079	-52.363930
52.90	-51.368322	-49.228720	-51.870453
53.00	-50.769212	-49.732438	-51.804752
53.10	-49.497276	-50.765971	-51.117080
53.20	-49.186064	-51.396794	-50.442485
53.30	-48.572647	-52.039344	-50.072180
53.40	-48.358361	-52.053945	-50.000758
53.50	-48.809993	-51.773729	-50.214920
53.60	-48.480656	-51.558416	-50.471583
53.70	-48.458455	-51.354763	-50.563302
53.80	-48.275559	-51.402082	-50.349552
53.90	-48.108820	-51.164764	-49.135044
54.00	-48.358364	-51.433616	-48.102900
54.10	-49.418302	-51.321223	-47.840293
54.20	-50.651867	-51.362068	-48.454794
54.30	-52.085635	-51.324938	-49.809915
54.40	-53.197724	-51.282412	-50.422780
54.50	-53.825929	-50.844368	-50.805557
54.60	-53.983392	-49.902926	-51.102810
54.70	-54.214854	-49.305373	-51.696929
54.80	-53.790897	-48.954525	-52.478490
54.90	-53.231207	-49.675853	-53.103296
55.00	-52.576348	-50.443074	-53.153695
55.10	-52.350379	-51.030382	-52.666059
55.20	-52.392760	-51.152380	-52.082219
55.30	-52.345052	-50.667190	-51.805084
55.40	-52.336492	-49.503676	-52.067549
55.50	-52.312762	-48.446325	-52.321755
55.60	-52.093667	-48.016531	-52.344406
55.70	-52.086171	-48.262963	-51.672478
55.80	-51.875068	-49.232417	-50.664856
55.90	-51.560709	-49.779147	-49.404954
56.00	-51.707527	-50.685555	-48.799415
56.10	-51.833450	-51.319050	-49.231884
56.20	-51.592069	-52.310651	-50.089311
56.30	-51.891343	-53.062109	-51.342103
56.40	-51.647513	-52.996553	-52.270688
56.50	-51.070272	-52.324307	-52.936716
56.60	-50.670764	-52.143271	-53.434256
56.70	-50.810494	-52.018608	-53.605480
56.80	-51.912816	-52.789855	-53.254518
56.90	-53.858426	-53.619741	-53.198808
57.00	-55.690895	-54.019821	-52.995501
57.10	-56.956426	-54.313534	-53.107713
57.20	-57.633207	-54.244986	-52.860142
57.30	-58.348203	-54.145923	-52.546676
57.40	-59.031523	-53.924191	-52.066099
57.50	-59.945655	-53.769686	-51.987938
57.60	-60.569463	-53.934343	-52.542733
57.70	-61.173928	-54.362995	-53.163221
57.80	-61.714354	-55.389000	-54.064129
57.90	-62.365765	-56.579491	-54.493940
58.00	-63.017013	-58.057700	-55.437930
58.10	-63.541609	-59.458331	-56.616130
58.20	-63.939825	-60.536606	-58.089246
58.30	-64.251482	-61.341383	-59.329507
58.40	-64.507989	-61.973318	-60.184403
58.50	-64.725583	-62.497348	-60.945230
58.60	-64.913024	-62.947529	-61.567827
58.70	-65.075666	-63.341533	-62.384102
58.80	-65.217181	-63.689455	-63.048292
58.90	-65.340332	-63.997840	-63.583409
59.00	-65.447333	-64.271468	-64.008023
59.10	-65.540039	-64.514150	-64.360249
59.20	-65.620031	-64.729117	-64.662042
59.30	-65.688681	-64.919200	-64.924745
59.40	-65.747200	-65.086910	-65.154973
59.50	-65.796659	-65.234511	-65.357159
59.60	-65.838009	-65.364039	-65.534657
59.70	-65.872094	-65.477337	-65.690219
59.80	-65.899663	-65.576063	-65.826192
59.90	-65.921390	-65.661706	-65.944650
60.00	-65.937875	-65.735615	-66.047431
60.10	-65.949654	-65.798995	-66.136186
60.20	-65.957211	-65.852932	-66.212395
60.30	-65.960975	-65.898395	-66.277381
60.40	-65.961337	-65.936259	-66.332334
60.50	-65.958644	-65.967307	-66.378322
60.60	-65.953210	-65.992239	-66.416294
60.70	-65.945317	-66.011685	-66.447105
60.80	-65.935219	-66.026208	-66.471515
60.90	-65.923144	-66.036313	-66.490207
61.00	-65.909300	-66.042452	-66.503790
61.10	-65.893873	-66.045033	-66.512808
61.20	-65.877032	-66.044422	-66.517747
61.30	-65.858929	-66.040947	-66.519040
61.40	-65.839703	-66.034903	-66.517074
61.50	-65.819480	-66.026557	-66.512198
61.60	-65.798373	-66.016148	-66.504723
61.70	-65.776485	-66.003892	-66.494927
61.80	-65.753910	-65.989983	-66.483059
61.90	-65.730734	-65.974597	-66.469342
62.00	-65.707033	-65.957892	-66.453977
62.10	-65.682879	-65.940119	-66.437144
62.20	-65.658334	-65.921371	-66.419004
62.30	-65.633457	-65.901737	-66.399704
62.40	-65.608301	-65.881303	-66.379374
62.50	-65.582914	-65.860151	-66.358132
62.60	-65.557341	-65.838360	-66.336085
62.70	-65.531622	-65.816000	-66.313329
62.80	-65.505795	-65.793141	-66.289949
62.90	-65.479892	-65.769844	-66.266024
63.00	-65.453943	-65.746167	-66.241624
63.10	-65.427977	-65.722164	-66.216814
63.20	-65.402019	-65.697884	-66.191650
63.30	-65.376090	-65.673372	-66.166186
63.40	-65.350213	-65.648671	-66.140469
63.50	-65.324405	-65.623817	-66.114542
63.60	-65.298684	-65.598846	-66.088445
63.70	-65.273065	-65.573790	-66.062212
63.80	-65.247563	-65.548675	-66.035877
63.90	-65.222191	-65.523530	-66.009467
64.00	-65.196961	-65.498378	-65.983010
64.10	-65.171883	-65.473241	-65.956530
64.20	-65.146967	-65.448140	-65.930048
64.30	-65.122221	-65.423092	-65.903586
64.40	-65.097654	-65.398114	-65.877159
64.50	-65.073271	-65.373222	-65.850784
64.60	-65.049080	-65.348429	-65.824477
64.70	-65.025085	-65.323747	-65.798249
64.80	-65.001292	-65.299187	-65.772114
64.90	-64.977705	-65.274760	-65.746082
65.00	-64.954326	-65.250473	-65.720162
65.10	-64.931158	-65.226337	-65.694364
65.20	-64.908204	-65.202358	-65.668696
65.30	-64.885467	-65.178541	-65.643164
65.40	-64.862947	-65.154894	-65.617775
65.50	-64.840647	-65.131420	-65.592534
65.60	-64.818568	-65.108125	-65.567447
65.70	-64.796710	-65.085013	-65.542518
65.80	-64.775075	-65.062249	-65.517752
65.90	-64.753663	-65.039783	-65.493152
66.00	-64.732473	-65.017579	-65.468722
66.10	-64.711505	-64.995610	-65.444464
66.20	-64.690760	-64.973856	-65.420380
66.30	-64.670236	-64.952304	-65.396473
66.40	-64.649933	-64.930941	-65.372744
66.50	-64.629850	-64.909761	-65.349195
66.60	-64.609986	-64.888759	-65.325828
66.70	-64.590341	-64.867933	-65.302643
66.80	-64.570913	-64.847280	-65.279642
66.90	-64.551700	-64.826799	-65.256824
67.00	-64.532701	-64.806491	-65.234190
67.10	-64.513913	-64.786355	-65.211739
67.20	-64.495336	-64.766390	-65.189472
67.30	-64.476968	-64.746598	-65.167389
67.40	-64.458806	-64.726978	-65.145490
67.50	-64.440849	-64.708042	-65.123774
67.60	-64.423094	-64.689624	-65.102242
67.70	-64.405540	-64.671600	-65.080892
67.80	-64.388185	-64.653875	-65.059724
67.90	-64.371026	-64.636378	-65.038737
68.00	-64.354062	-64.619059	-65.017930
68.10	-64.337291	-64.601882	-64.997303
68.20	-64.320710	-64.584822	-64.976853
68.30	-64.304318	-64.567863	-64.956580
68.40	-64.288112	-64.550995	-64.936482
68.50	-64.272089	-64.534212	-64.916559
68.60	-64.256249	-64.517512	-64.896809
68.70	-64.240588	-64.500895	-64.877230
68.80	-64.225105	-64.484363	-64.857821
68.90	-64.209797	-64.467918	-64.838582
69.00	-64.194662	-64.451563	-64.819510
69.10	-64.179698	-64.435302	-64.800605
69.20	-64.164902	-64.419138	-64.781866
69.30	-64.150273	-64.403075	-64.763291
69.40	-64.135809	-64.387116	-64.744879
69.50	-64.121507	-64.371266	-64.726628
69.60	-64.107366	-64.355527	-64.708538
69.70	-64.093382	-64.339902	-64.690607
69.80	-64.079555	-64.324394	-64.672834
69.90	-64.065882	-64.309006	-64.655217
70.00	-64.052362	-64.293738	-64.637756
70.10	-64.038992	-64.278593	-64.620448
70.20	-64.025770	-64.263573	-64.603293
70.30	-64.012695	-64.248678	-64.586289
70.40	-63.999765	-64.233910	-64.569434
70.50	-63.986976	-64.219270	-64.552729
70.60	-63.974329	-64.204758	-64.536170
70.70	-63.961820	-64.190376	-64.519757
70.80	-63.949447	-64.176123	-64.503488
70.90	-63.937210	-64.162000	-64.487362
71.00	-63.925107	-64.148007	-64.471378
71.10	-63.913136	-64.134143	-64.455533
71.20	-63.901294	-64.120408	-64.439828
71.30	-63.889581	-64.106802	-64.424260
71.40	-63.877995	-64.093324	-64.408828
71.50	-63.866534	-64.079974	-64.393531
71.60	-63.855196	-64.066752	-64.378368
71.70	-63.843980	-64.053656	-64.363338
71.80	-63.832884	-64.040687	-64.348440
71.90	-63.821906	-64.027843	-64.333671
72.00	-63.811045	-64.015125	-64.319032
72.10	-63.800299	-64.002530	-64.304520
72.20	-63.789668	-63.990058	-64.290135
72.30	-63.779149	-63.977708	-64.275875
72.40	-63.768740	-63.965480	-64.261739
72.50	-63.758442	-63.953373	-64.247727
72.60	-63.748251	-63.941385	-64.233836
72.70	-63.738167	-63.929516	-64.220065
72.80	-63.728189	-63.917764	-64.206413
72.90	-63.718314	-63.906311	-64.192880
73.00	-63.708542	-63.895099	-64.179463
73.10	-63.698871	-63.884082	-64.166163
73.20	-63.689300	-63.873227	-64.152978
73.30	-63.679827	-63.862507	-64.139907
73.40	-63.670452	-63.851905	-64.126947
73.50	-63.661173	-63.841405	-64.114099
73.60	-63.651989	-63.830996	-64.101361
73.70	-63.642899	-63.820672	-64.088733
73.80	-63.633901	-63.810427	-64.076213
73.90	-63.624995	-63.800256	-64.063801
74.00	-63.616179	-63.790159	-64.051495
74.10	-63.607452	-63.780133	-64.039294
74.20	-63.598814	-63.770177	-64.027199
74.30	-63.590262	-63.760293	-64.015208
74.40	-63.581797	-63.750479	-64.003320
74.50	-63.573416	-63.740736	-63.991534
74.60	-63.565120	-63.731066	-63.979849
74.70	-63.556908	-63.721467	-63.968264
74.80	-63.548777	-63.711941	-63.956778
74.90	-63.540728	-63.702488	-63.945391
75.00	-63.532758	-63.693108	-63.934101
75.10	-63.524869	-63.683803	-63.922908
75.20	-63.517057	-63.674573	-63.911810
75.30	-63.509324	-63.665417	-63.900808
75.40	-63.501666	-63.656719	-63.889901
75.50	-63.494085	-63.648358	-63.879087
75.60	-63.486578	-63.640242	-63.868365
75.70	-63.479145	-63.632302	-63.857736
75.80	-63.471786	-63.624484	-63.847197
75.90	-63.464499	-63.616752	-63.836748
76.00	-63.457284	-63.609077	-63.826389
76.10	-63.450139	-63.601440	-63.816118
76.20	-63.443065	-63.593828	-63.805935
76.30	-63.436059	-63.586232	-63.795840
76.40	-63.429122	-63.578648	-63.785831
76.50	-63.422252	-63.571073	-63.775908
76.60	-63.415450	-63.563507	-63.766071
76.70	-63.408713	-63.555950	-63.756319
76.80	-63.402042	-63.548405	-63.746651
76.90	-63.395436	-63.540872	-63.737067
77.00	-63.388894	-63.533355	-63.727565
77.10	-63.382416	-63.525858	-63.718145
77.20	-63.376000	-63.518382	-63.708807
77.30	-63.369646	-63.510932	-63.699550
77.40	-63.363353	-63.503509	-63.690374
77.50	-63.357121	-63.496117	-63.681277
77.60	-63.350949	-63.488759	-63.672260
77.70	-63.344837	-63.481437	-63.663321
77.80	-63.338783	-63.474152	-63.654460
77.90	-63.332787	-63.466909	-63.645676
78.00	-63.326849	-63.459708	-63.636969
78.10	-63.320967	-63.452551	-63.628339
78.20	-63.315142	-63.445441	-63.619784
78.30	-63.309373	-63.438378	-63.611303
78.40	-63.303658	-63.431363	-63.602896
78.50	-63.297998	-63.424399	-63.594563
78.60	-63.292392	-63.417677	-63.586302
78.70	-63.286840	-63.411136	-63.578113
78.80	-63.281340	-63.404733	-63.569996
78.90	-63.275893	-63.398434	-63.561949
79.00	-63.270498	-63.392215	-63.553972
79.10	-63.265154	-63.386057	-63.546678
79.20	-63.259861	-63.379947	-63.539872
79.30	-63.254619	-63.373875	-63.533405
79.40	-63.249427	-63.367835	-63.527163
79.50	-63.244285	-63.361824	-63.521063
79.60	-63.239191	-63.355837	-63.515040
79.70	-63.234145	-63.349876	-63.509052
79.80	-63.229148	-63.343938	-63.503065
79.90	-63.224197	-63.338025	-63.497059
80.00	-63.219294	-63.332137	-63.491021
80.10	-63.214436	-63.326276	-63.484944
80.20	-63.209625	-63.320442	-63.478823
80.30	-63.204858	-63.314637	-63.472659
80.40	-63.200137	-63.308864	-63.466453
80.50	-63.195461	-63.303122	-63.460208
80.60	-63.190828	-63.297414	-63.453928
80.70	-63.186240	-63.291741	-63.447619
80.80	-63.181695	-63.286105	-63.441284
80.90	-63.177192	-63.280506	-63.434930
81.00	-63.172732	-63.274946	-63.428561
81.10	-63.168314	-63.269425	-63.422182
81.20	-63.163938	-63.263945	-63.415798
81.30	-63.159602	-63.258507	-63.409415
81.40	-63.155308	-63.253111	-63.403035
81.50	-63.151054	-63.247758	-63.396664
81.60	-63.146840	-63.242449	-63.390304
81.70	-63.142665	-63.237183	-63.383961
81.80	-63.138529	-63.231962	-63.377635
81.90	-63.134432	-63.226786	-63.371332
82.00	-63.130374	-63.221655	-63.365053
82.10	-63.126353	-63.216569	-63.358802
82.20	-63.122370	-63.211529	-63.352581
82.30	-63.118425	-63.206535	-63.346391
82.40	-63.114516	-63.201586	-63.340235
82.50	-63.110644	-63.196684	-63.334115
82.60	-63.106808	-63.191827	-63.328033
82.70	-63.103008	-63.187016	-63.321989
82.80	-63.099243	-63.182251	-63.315986
82.90	-63.095514	-63.177532	-63.310024
83.00	-63.091820	-63.172858	-63.304104
83.10	-63.088160	-63.168230	-63.298228
83.20	-63.084535	-63.163646	-63.292396
83.30	-63.080943	-63.159108	-63.286608
83.40	-63.077385	-63.154614	-63.280867
83.50	-63.073861	-63.150164	-63.275372
83.60	-63.070370	-63.145759	-63.270061
83.70	-63.066911	-63.141397	-63.264888
83.80	-63.063485	-63.137080	-63.259816
83.90	-63.060091	-63.132805	-63.254819
84.00	-63.056728	-63.128574	-63.249878
84.10	-63.053398	-63.124385	-63.244977
84.20	-63.050098	-63.120238	-63.240107
84.30	-63.046830	-63.116133	-63.235260
84.40	-63.043592	-63.112069	-63.230432
84.50	-63.040385	-63.108046	-63.225619
84.60	-63.037208	-63.104064	-63.220820
84.70	-63.034061	-63.100121	-63.216035
84.80	-63.030943	-63.096219	-63.211263
84.90	-63.027854	-63.092356	-63.206506
85.00	-63.025196	-63.088532	-63.201764
85.10	-63.022842	-63.084748	-63.197038
85.20	-63.020695	-63.081001	-63.192331
85.30	-63.018681	-63.077293	-63.187644
85.40	-63.016747	-63.073622	-63.182977
85.50	-63.014851	-63.069989	-63.178333
85.60	-63.012963	-63.066392	-63.173714
85.70	-63.011064	-63.062832	-63.169119
85.80	-63.009138	-63.059508	-63.164551
85.90	-63.007177	-63.056358	-63.160011
86.00	-63.005175	-63.053334	-63.155500
86.10	-63.003131	-63.050399	-63.151019
86.20	-63.001042	-63.047525	-63.146568
86.30	-62.998911	-63.044694	-63.142150
86.40	-62.996739	-63.041889	-63.137764
86.50	-62.994528	-63.039100	-63.133411
86.60	-62.992281	-63.036319	-63.129093
86.70	-62.990002	-63.033541	-63.124808
86.80	-62.987694	-63.030762	-63.120559
86.90	-62.985360	-63.027982	-63.116345
87.00	-62.983004	-63.025198	-63.112167
87.10	-62.980629	-63.022411	-63.108025
87.20	-62.978238	-63.019622	-63.103919
87.30	-62.975834	-63.016830	-63.099849
87.40	-62.973420	-63.014038	-63.095817
87.50	-62.970999	-63.011247	-63.091821
87.60	-62.968573	-63.008457	-63.087862
87.70	-62.966144	-63.005672	-63.083940
87.80	-62.963714	-63.002891	-63.080055
87.90	-62.961286	-63.000116	-63.076207
88.00	-62.958862	-62.997349	-63.072396
88.10	-62.956443	-62.994591	-63.068621
88.20	-62.954030	-62.991844	-63.064883
88.30	-62.951626	-62.989108	-63.061181
88.40	-62.949231	-62.986384	-63.057515
88.50	-62.946847	-62.983674	-63.053886
88.60	-62.944475	-62.980979	-63.050293
88.70	-62.942115	-62.978299	-63.046735
88.80	-62.939770	-62.975635	-63.043214
88.90	-62.937439	-62.972988	-63.039728
89.00	-62.935124	-62.970359	-63.036277
89.10	-62.932825	-62.967748	-63.032860
89.20	-62.930542	-62.965156	-63.029479
89.30	-62.928277	-62.962584	-63.026132
89.40	-62.926029	-62.960030	-63.022819
89.50	-62.923800	-62.957497	-63.019540
89.60	-62.921589	-62.954985	-63.016295
89.70	-62.919397	-62.952493	-63.013083
89.80	-62.917224	-62.950022	-63.009904
89.90	-62.915071	-62.947572	-63.006758
90.00	-62.912937	-62.945144	-63.003644
90.10	-62.910823	-62.942736	-63.000563
90.20	-62.908728	-62.940351	-62.997513
90.30	-62.906654	-62.937986	-62.994496
90.40	-62.904600	-62.935644	-62.991509
90.50	-62.902566	-62.933323	-62.988553
90.60	-62.900552	-62.931024	-62.985628
90.70	-62.898559	-62.928747	-62.982733
90.80	-62.896585	-62.926492	-62.979869
90.90	-62.894632	-62.924258	-62.977034
91.00	-62.892698	-62.922046	-62.974228
91.10	-62.890784	-62.919855	-62.971452
91.20	-62.888890	-62.917686	-62.968704
91.30	-62.887015	-62.915539	-62.965985
91.40	-62.885160	-62.913412	-62.963294
91.50	-62.883325	-62.911307	-62.960631
91.60	-62.881508	-62.909223	-62.957995
91.70	-62.879711	-62.907160	-62.955387
91.80	-62.877933	-62.905118	-62.952806
91.90	-62.876173	-62.903096	-62.950251
92.00	-62.874433	-62.901095	-62.947722
92.10	-62.872710	-62.899115	-62.945220
92.20	-62.871007	-62.897154	-62.942743
92.30	-62.869321	-62.895214	-62.940292
92.40	-62.867654	-62.893293	-62.937866
92.50	-62.866004	-62.891392	-62.935465
92.60	-62.864372	-62.889510	-62.933089
92.70	-62.862758	-62.887648	-62.930737
92.80	-62.861161	-62.885805	-62.928409
92.90	-62.859581	-62.883981	-62.926105
93.00	-62.858018	-62.882176	-62.923824
93.10	-62.856472	-62.880389	-62.921567
93.20	-62.854943	-62.878620	-62.919332
93.30	-62.853430	-62.876870	-62.917121
93.40	-62.851933	-62.875138	-62.914931
93.50	-62.850452	-62.873424	-62.912764
93.60	-62.848987	-62.871727	-62.910619
93.70	-62.847538	-62.870047	-62.908496
93.80	-62.846104	-62.868385	-62.906394
93.90	-62.844685	-62.866740	-62.904313
94.00	-62.843282	-62.865112	-62.902253
94.10	-62.841893	-62.863500	-62.900214
94.20	-62.840519	-62.861905	-62.898195
94.30	-62.839159	-62.860326	-62.896197
94.40	-62.837814	-62.858763	-62.894219
94.50	-62.836483	-62.857216	-62.892260
# IV Measures at spl 40
# RMP 	0.654248	0 
# IVshift	53.6
# IVOnset	0	1.03159
# IVAdaptation	6.18929	1.32655
# IVOffset	-3.64656	8.09973
# IV Measures RMS error 	6.35652
# IV RMS Error: 	 6.35652
 
#PSTH: Time	 Rate (sp/s)
# 0	0.000000
# 1	182.000000
# 2	292.000000
# 3	276.000000
# 4	292.000000
# 5	286.000000
# 6	178.000000
# 7	0.000000
# 8	0.000000
# 9	0.000000
# 10	0.000000
# 11	0.000000
# 12	0.000000
# 13	0.000000
# 14	0.000000
# 15	0.000000
#CV: Time	 CV ()		 ISI mean (ms)		 ISI sd (ms) 
# 0	0.267820	3.881395	1.039515
# 1	0.281073	3.452027	0.970270
# 2	0.295421	3.597826	1.062875
# 3	0.311388	3.510345	1.093080
# 4	0.302068	3.376190	1.019838
#CV: Time	 CV reference		 CV test ()	 Weighting 
# 0	0.267820	0.161800	10000.000000
# 1	0.281073	0.370600	10000.000000
# 2	0.295421	0.441000	10000.000000
# 3	0.311388	0.436000	10000.000000
# CV RMS Error 	11.8297
 # CV Measures RMS error 	0
#   FSL Mean 4.906, Std Dev 1.74513 
# Checked trials 	50
# Sustained rate 	264.8
# Post stimulus rate penalty 	0

# IV Measures at spl 50
# RMP 	-60.6332	0 
# IVshift	53.2
# IVOnset	0.897844	1.02218
# IVAdaptation	1.25306	1.46274
# IVOffset	3.66755	8.21747
# IV Measures RMS error 	2.27823
# IV RMS Error: 	 2.27823
 
#PSTH: Time	 Rate (sp/s)
# 0	0.000000
# 1	198.000000
# 2	260.000000
# 3	258.000000
# 4	244.000000
# 5	242.000000
# 6	188.000000
# 7	0.000000
# 8	0.000000
# 9	0.000000
# 10	0.000000
# 11	0.000000
# 12	0.000000
# 13	0.000000
# 14	0.000000
# 15	0.000000
#CV: Time	 CV ()		 ISI mean (ms)		 ISI sd (ms) 
# 0	0.253551	3.809677	0.965949
# 1	0.401931	3.786466	1.521900
# 2	0.514851	4.118110	2.120213
# 3	0.340187	3.873171	1.317603
# 4	0.367084	3.983495	1.462277
#CV: Time	 CV reference		 CV test ()	 Weighting 
# 0	0.253551	0.161800	48000.000000
# 1	0.401931	0.370600	48000.000000
# 2	0.514851	0.441000	48000.000000
# 3	0.340187	0.436000	48000.000000
# CV RMS Error 	16.9826
 # CV Measures RMS error 	0
#   FSL Mean 4.82, Std Dev 1.39079 
# Checked trials 	50
# Sustained rate 	238.4
# Post stimulus rate penalty 	0

# IV Measures at spl 60
# RMP 	0.753627	0 
# IVshift	53.1
# IVOnset	0	1.01437
# IVAdaptation	6.18929	1.38287
# IVOffset	-3.89224	9.12279
# IV Measures RMS error 	6.93709
# IV RMS Error: 	 6.93709
 
#PSTH: Time	 Rate (sp/s)
# 0	2.000000
# 1	194.000000
# 2	236.000000
# 3	232.000000
# 4	212.000000
# 5	214.000000
# 6	170.000000
# 7	0.000000
# 8	0.000000
# 9	0.000000
# 10	0.000000
# 11	0.000000
# 12	0.000000
# 13	0.000000
# 14	0.000000
# 15	0.000000
#CV: Time	 CV ()		 ISI mean (ms)		 ISI sd (ms) 
# 0	0.297465	3.897753	1.159445
# 1	0.395598	4.163889	1.647227
# 2	0.434552	4.340187	1.886039
# 3	0.562190	4.964583	2.791038
# 4	0.348654	3.908333	1.362656
#CV: Time	 CV reference		 CV test ()	 Weighting 
# 0	0.297465	0.161800	14000.000000
# 1	0.395598	0.370600	14000.000000
# 2	0.434552	0.441000	14000.000000
# 3	0.562190	0.436000	14000.000000
# CV RMS Error 	11.0672
 # CV Measures RMS error 	0
#   FSL Mean 4.74, Std Dev 1.2639 
# Checked trials 	45
# Sustained rate 	212.8
# Sustained rate penalty 	0
# Post stimulus rate penalty 	0

#  Input Resistance = 163.108
#  Input Resistance Penalty = 0
#  tonefreq = 9100
# bandwidth
#	0.0000	0.0000	0.0000	0.0000
#	3.0000	0.0000	0.0000	0.0000
#	9.0000	30.0000	0.0000	5.0000
#	3.0000	30.0000	2.0000	0.0000
#	0.0000	0.0000	40.0000	1.0000
#	0.0000	0.0000	40.0000	2.4837
# num. connections
#	0	0	0	0
#	20	0	0	0
#	20	30	0	0
#	20	20	5	0
#	30	20	125	1
#	30	20	84	1
# weights
#	0	0	0	0
#	0.00015319	0	0	0
#	0.00041157	0.00179324	0	0
#	0.00038271	0.00129324	0.000531549	0
#	0.001099	0.000645083	0.000167221	0.0487
#	0.0014116	0.0051716	0.01103	0.5166
# delay
#	0.4000	0.0000	0.4000	0.0000
#	0.4000	0.0000	1.0000	0.0000
#	0.4000	0.5000	0.0000	0.0000
#	0.5000	0.5000	0.4000	0.0000
#	1.6000	2.0000	1.0000	2.5000
#	1.6000	2.0000	1.0000	2.5000
# offset  2.1
# golgi_syn_filter_scale_factor 1
# golgi_spon 3.7271
# ds_gaba_decay			 5.43235
# ds_gaba_rise			 0.261939
# ds_erev  -70
# ds_gkltbar	 0.0163897
# ds_gkhtbar	 0.030623
# ds_gleak  0.000274146
# ds_gnabar  0.30623
# tv_gleak  0.000249321
# tv_erev  -72
# ts_gkhtbar  0.0189416
# ts_gnabar  0.23677
# ts_gkabar  0.01539
# ts_ghbar  6.20392e-05
# ts_gleak  0.000473539
# ts_erev  -62.9
# ts_dend_g  0.001
# ts_dend_e  -65
# ts_jitter_sd  0.2
