# LSR ANF raster plot
10 1 101     54.340
11 3 113     36.520
24 2 242     28.080
29 7 297     69.660
39 1 391     66.900
41 3 413     56.580
42 1 421     31.440
42 4 424     28.040
42 8 428     28.060
43 7 437     40.660
43 9 439     60.400
44 2 442     25.940
44 3 443     54.180
44 5 445     49.500
44 6 446     33.100
44 7 447     27.120
44 7 447     33.380
44 8 448     49.880
44 8 448     62.200
45 1 451     66.120
45 2 452     34.300
45 2 452     40.280
45 3 453     34.260
45 4 454     28.280
45 4 454     30.440
45 7 457     46.060
45 8 458     26.000
45 8 458     63.260
45 8 458     73.220
45 9 459     47.800
45 9 459     66.980
46 0 460     31.960
46 1 461     35.100
46 1 461     46.980
46 2 462     37.380
46 4 464     41.980
46 5 465     62.140
46 5 465     70.840
46 6 466     50.560
46 6 466     66.940
46 6 466     69.620
46 7 467     36.460
46 7 467     73.380
46 8 468     27.700
46 8 468     35.840
46 8 468     51.340
46 8 468     59.400
46 8 468     75.460
46 9 469     31.120
47 0 470     28.080
47 0 470     51.660
47 0 470     58.780
47 1 471     23.860
47 1 471     39.040
47 1 471     58.380
47 1 471     59.940
47 2 472     29.440
47 2 472     51.320
47 2 472     54.060
47 3 473     23.940
47 3 473     44.120
47 3 473     61.460
47 5 475     32.040
47 5 475     53.040
47 5 475     74.200
47 6 476     42.080
47 6 476     55.960
47 7 477     50.740
47 7 477     61.880
47 8 478     29.980
47 8 478     57.860
47 9 479     32.400
47 9 479     40.740
47 9 479     45.440
47 9 479     56.880
47 9 479     61.860
48 0 480     24.760
48 0 480     27.700
48 0 480     33.820
48 0 480     47.180
48 0 480     50.440
48 0 480     72.580
48 1 481     26.400
48 1 481     37.260
48 1 481     48.800
48 1 481     53.460
48 1 481     59.360
48 2 482     58.980
48 2 482     66.800
48 3 483     30.520
48 3 483     56.760
48 3 483     73.820
48 4 484     38.900
48 5 485     28.680
48 5 485     34.200
48 5 485     42.180
48 5 485     62.200
48 5 485     70.240
48 6 486     35.160
48 6 486     50.860
48 6 486     57.480
48 6 486     69.740
48 6 486     72.420
48 7 487     24.460
48 7 487     39.000
48 7 487     43.940
48 8 488     28.240
48 9 489     41.780
48 9 489     56.880
48 9 489     65.220
49 0 490     26.940
49 0 490     52.800
49 0 490     64.020
49 0 490     72.040
49 1 491     26.500
49 1 491     36.240
49 1 491     61.860
49 2 492     53.800
49 2 492     55.320
49 2 492     61.580
49 3 493     25.220
49 3 493     33.820
49 3 493     44.140
49 3 493     47.860
49 3 493     57.940
49 3 493     63.500
49 3 493     66.600
49 3 493     71.940
49 4 494     31.060
49 4 494     52.380
49 5 495     29.620
49 5 495     48.140
49 5 495     72.620
49 6 496     29.200
49 6 496     67.980
49 7 497     29.340
49 7 497     42.680
49 7 497     50.800
49 7 497     62.760
49 8 498     30.320
49 8 498     49.820
49 8 498     67.320
49 9 499     27.120
49 9 499     35.520
49 9 499     45.120
49 9 499     64.120
49 9 499     66.940
50 0 500     24.360
50 0 500     27.100
50 0 500     50.100
50 0 500     60.360
50 1 501     34.600
50 1 501     48.740
50 1 501     55.440
50 1 501     72.360
50 2 502     26.260
50 2 502     30.420
50 2 502     50.080
50 2 502     56.220
50 2 502     65.560
50 3 503     28.080
50 3 503     48.620
50 3 503     60.980
50 4 504     29.820
50 4 504     44.620
50 4 504     46.380
50 4 504     56.420
50 4 504     59.000
50 4 504     63.500
50 5 505     44.940
50 5 505     50.440
50 5 505     69.580
50 6 506     50.600
50 6 506     57.100
50 7 507     23.800
50 7 507     30.220
50 7 507     37.760
50 7 507     53.680
50 7 507     55.900
50 7 507     64.500
50 7 507     72.340
50 8 508     40.800
50 8 508     43.780
50 9 509     24.720
50 9 509     35.020
50 9 509     36.820
50 9 509     56.200
50 9 509     65.520
51 0 510     29.300
51 0 510     45.240
51 0 510     66.720
51 0 510     69.380
51 0 510     71.760
51 1 511     61.800
51 2 512     32.540
51 2 512     47.360
51 2 512     53.040
51 2 512     61.180
51 2 512     66.820
51 2 512     68.460
51 3 513     25.660
51 3 513     30.880
51 3 513     42.900
51 3 513     44.740
51 3 513     58.560
51 3 513     62.980
51 3 513     67.220
51 4 514     37.400
51 4 514     47.300
51 4 514     55.880
51 4 514     68.500
51 5 515     26.020
51 5 515     38.980
51 5 515     56.180
51 5 515     67.140
51 5 515     72.960
51 6 516     25.040
51 6 516     36.560
51 6 516     44.340
51 6 516     57.580
51 6 516     65.580
51 6 516     67.780
51 7 517     33.880
51 7 517     35.660
51 7 517     42.840
51 7 517     45.260
51 7 517     57.160
51 8 518     24.640
51 8 518     33.400
51 8 518     39.220
51 8 518     58.640
51 8 518     62.220
51 8 518     68.620
51 8 518     70.460
51 9 519     25.100
51 9 519     35.560
51 9 519     40.840
51 9 519     51.600
52 0 520     47.120
52 0 520     54.900
52 0 520     59.540
52 1 521     30.060
52 1 521     64.600
52 2 522     29.720
52 2 522     56.060
52 2 522     70.460
52 2 522     73.200
52 3 523     27.040
52 3 523     35.440
52 3 523     66.960
52 4 524     24.620
52 4 524     32.820
52 4 524     38.180
52 4 524     47.680
52 4 524     60.400
52 5 525     24.780
52 5 525     39.040
52 5 525     41.220
52 5 525     52.520
52 5 525     60.180
52 5 525     63.280
52 6 526     34.340
52 6 526     39.540
52 6 526     46.760
52 6 526     49.440
52 6 526     72.040
52 7 527     24.760
52 7 527     64.260
52 8 528     33.360
52 8 528     36.900
52 8 528     38.920
52 8 528     42.260
52 8 528     49.360
52 8 528     57.900
52 9 529     23.900
52 9 529     33.260
52 9 529     35.600
52 9 529     39.880
52 9 529     46.920
52 9 529     52.860
52 9 529     57.180
52 9 529     59.160
53 0 530     48.460
53 1 531     24.020
53 1 531     40.440
53 1 531     46.980
53 1 531     56.460
53 2 532     25.060
53 2 532     43.300
53 2 532     55.100
53 2 532     67.360
53 2 532     71.280
53 3 533     26.800
53 3 533     37.940
53 3 533     51.780
53 3 533     58.460
53 3 533     63.940
53 3 533     70.840
53 3 533     71.820
53 4 534     29.780
53 4 534     43.440
53 4 534     57.220
53 5 535     24.300
53 5 535     27.220
53 5 535     59.380
53 5 535     65.940
53 6 536     32.040
53 6 536     42.560
53 6 536     52.960
53 7 537     43.280
53 8 538     24.400
53 8 538     49.220
53 8 538     57.500
53 8 538     71.320
53 9 539     30.400
53 9 539     43.280
53 9 539     49.700
53 9 539     60.680
54 0 540     37.060
54 0 540     60.380
54 0 540     66.320
54 1 541     31.920
54 1 541     36.320
54 1 541     52.280
54 1 541     70.420
54 1 541     73.500
54 2 542     28.200
54 2 542     48.500
54 2 542     53.260
54 2 542     65.460
54 3 543     30.740
54 3 543     36.980
54 3 543     50.100
54 3 543     55.440
54 3 543     59.640
54 4 544     25.240
54 4 544     36.260
54 4 544     40.460
54 4 544     43.020
54 4 544     47.860
54 4 544     60.060
54 4 544     72.540
54 5 545     25.960
54 5 545     44.600
54 5 545     51.980
54 5 545     71.120
54 6 546     25.120
54 6 546     51.000
54 6 546     56.620
54 7 547     29.800
54 7 547     31.720
54 7 547     52.000
54 8 548     30.980
54 8 548     41.920
54 8 548     48.740
54 8 548     66.360
54 9 549     24.000
54 9 549     31.660
55 0 550     42.180
55 0 550     49.360
55 1 551     40.100
55 1 551     55.860
55 2 552     29.880
55 2 552     38.520
55 2 552     51.300
55 2 552     55.800
55 2 552     66.620
55 2 552     67.420
55 3 553     27.340
55 3 553     56.000
55 3 553     62.420
55 4 554     28.320
55 4 554     46.140
55 4 554     54.840
55 4 554     67.900
55 5 555     26.140
55 5 555     43.680
55 5 555     65.920
55 5 555     67.760
55 6 556     30.220
55 6 556     42.680
55 6 556     54.340
55 6 556     57.200
55 6 556     65.000
55 7 557     53.320
55 7 557     57.080
55 8 558     40.780
55 9 559     36.700
55 9 559     54.000
55 9 559     68.360
56 0 560     31.140
56 0 560     35.260
56 0 560     46.780
56 0 560     53.720
56 0 560     69.260
56 1 561     43.640
56 2 562     59.120
56 2 562     61.840
56 3 563     23.320
56 3 563     38.280
56 3 563     39.860
56 3 563     45.200
56 3 563     66.240
56 4 564     45.960
56 4 564     48.740
56 4 564     56.980
56 5 565     23.220
56 5 565     40.460
56 5 565     46.380
56 5 565     49.940
56 5 565     65.340
56 6 566     56.040
56 6 566     62.760
56 6 566     67.500
56 7 567     28.900
56 7 567     35.460
56 8 568     30.980
56 8 568     54.600
56 8 568     64.580
56 9 569     47.520
56 9 569     60.940
57 0 570     40.120
57 0 570     66.840
57 1 571     26.980
57 1 571     47.840
57 2 572     30.080
57 2 572     54.340
57 2 572     71.500
57 3 573     62.380
57 4 574     36.300
57 5 575     48.980
57 5 575     63.760
57 6 576     41.200
57 6 576     45.540
57 6 576     65.920
57 6 576     68.940
57 7 577     24.000
57 7 577     59.380
57 7 577     72.640
57 8 578     35.200
57 8 578     58.160
57 9 579     24.240
57 9 579     29.640
57 9 579     38.780
57 9 579     54.060
58 0 580     38.980
58 0 580     54.620
58 0 580     65.340
58 0 580     69.120
58 1 581     48.060
58 2 582     27.740
58 2 582     36.200
58 2 582     38.860
58 2 582     44.160
58 3 583     52.480
58 4 584     27.900
58 5 585     40.180
58 5 585     44.480
58 5 585     65.620
58 6 586     46.020
58 6 586     70.340
58 7 587     24.160
58 7 587     70.440
58 8 588     48.060
58 8 588     58.500
58 8 588     61.720
58 9 589     51.280
58 9 589     66.020
59 0 590     30.840
59 1 591     23.680
59 1 591     27.540
59 2 592     71.740
59 3 593     33.240
59 3 593     72.020
59 4 594     55.920
59 5 595     63.360
59 6 596     30.320
59 6 596     33.480
59 6 596     53.760
59 6 596     65.480
59 8 598     62.380
59 8 598     64.780
59 9 599     41.960
59 9 599     65.120
60 2 602     26.800
60 3 603     26.400
60 4 604     51.160
60 5 605     27.340
60 6 606     38.620
60 7 607     24.740
60 7 607     64.300
60 9 609     46.840
61 0 610     45.960
61 0 610     56.580
61 2 612     29.840
61 3 613     69.200
61 5 615     63.860
61 5 615     67.760
61 6 616     32.080
61 7 617     38.340
61 9 619     35.820
62 1 621     48.540
62 4 624     48.960
62 7 627     31.980
62 8 628     34.860
62 8 628     57.940
63 3 633     50.660
64 1 641     53.500
64 7 647     26.400
64 8 648     11.600
65 0 650     66.720
65 1 651     61.120
71 8 718     21.020
88 4 884     78.200
88 7 887     32.200
98 4 984     60.000
