1
1
1
0
2
1
0
1
2
0
1
1
1
0
0
0
1
2
0
0
0
0
0
0
0
2
1
2
0
2
2
1
2
0
2
1
0
1
1
1
0
0
2
0
0
1
1
2
3
1
1
1
1
0
1
0
0
2
1
2
1
3
1
1
1
1
1
0
2
0
1
0
0
0
0
0
1
0
0
1
1
0
1
0
1
2
0
1
2
0
5
2
1
1
1
2
1
2
1
0

4
4
2
2
2
2
1
2
3
2
2
1
1
0
1
0
1
3
1
3
2
0
2
0
3
2
3
4
0
3
3
1
3
1
3
2
2
1
3
1
0
0
5
1
0
1
2
3
3
3
2
2
1
2
3
2
1
2
3
3
2
3
1
1
5
3
1
0
2
0
1
1
1
1
1
2
3
0
1
3
3
0
1
1
1
3
1
3
2
1
7
3
2
2
4
3
1
3
2
1

4
5
4
4
4
3
1
2
4
2
3
2
2
3
4
4
3
3
3
5
5
2
2
1
4
3
5
4
1
4
6
1
3
2
4
2
6
7
4
2
1
4
8
2
0
2
4
4
7
5
2
5
9
3
9
6
3
3
4
5
2
3
2
3
6
6
1
1
3
0
1
3
3
3
1
2
3
1
2
3
5
1
1
3
1
3
1
4
3
1
7
5
3
3
4
5
2
3
2
2

4
7
4
4
7
3
3
2
6
4
5
4
3
5
6
6
3
6
5
7
6
4
2
1
4
5
7
4
1
5
9
1
3
3
6
2
11
9
7
4
5
7
8
8
4
5
12
5
7
8
6
10
16
15
16
12
8
5
6
5
3
5
2
6
6
7
2
1
3
0
1
3
4
5
2
2
5
2
3
7
6
1
1
5
4
4
2
5
7
2
9
6
4
4
5
6
2
3
2
4

7
8
4
4
10
5
6
5
10
7
7
7
5
6
6
7
3
7
6
8
7
10
3
1
5
5
9
5
2
7
11
4
3
4
7
4
13
19
16
11
13
13
14
13
12
10
18
15
12
31
30
33
40
37
29
20
14
9
11
6
7
7
4
8
7
10
3
1
3
0
1
6
5
7
2
2
5
2
3
7
7
3
1
5
5
4
2
6
7
2
10
8
4
5
5
7
3
3
3
4

13
10
9
6
11
5
10
7
14
11
7
11
9
8
7
10
5
15
8
8
9
13
5
4
7
6
9
6
7
10
12
6
5
7
10
11
22
29
27
35
31
31
32
40
36
25
44
42
47
63
62
72
72
70
53
44
33
17
19
8
16
9
7
10
9
11
3
1
3
0
1
6
6
8
2
3
6
2
3
8
7
4
1
6
8
5
2
10
11
5
13
9
4
5
7
8
3
3
5
4

16
14
14
9
15
6
14
11
21
18
10
17
11
8
13
14
5
17
14
12
13
17
11
5
11
8
14
7
9
12
14
9
9
12
16
27
31
38
40
52
47
50
59
58
52
51
93
78
87
100
95
113
107
98
75
71
54
28
39
10
22
13
11
10
9
13
5
1
3
1
1
7
7
10
2
3
10
5
6
10
8
5
2
11
9
7
4
12
12
7
15
9
7
6
8
8
4
5
5
4

20
18
16
15
24
11
18
19
28
25
13
26
19
17
23
21
10
21
15
15
18
21
16
8
17
11
25
11
13
16
18
13
13
24
19
38
45
51
61
71
66
83
79
91
85
87
150
116
132
137
131
149
152
139
105
104
74
48
61
17
30
20
15
20
10
14
5
3
4
2
4
7
8
11
2
5
14
6
10
24
15
18
4
12
11
11
9
13
14
9
16
9
7
10
12
9
4
7
6
4

28
23
23
17
30
21
33
27
31
34
17
38
28
24
37
33
23
33
26
24
20
32
26
17
20
18
31
18
19
29
26
20
21
40
35
52
65
89
96
111
109
125
129
139
128
124
211
159
171
181
177
197
199
180
143
139
106
70
86
28
43
32
30
29
14
14
5
4
5
2
5
9
8
16
4
11
20
17
19
30
20
24
7
19
15
17
12
17
19
9
18
9
9
12
13
9
4
8
8
4

39
32
34
22
37
31
38
35
41
43
31
49
32
39
43
43
35
55
37
43
33
45
32
32
29
33
38
33
32
43
40
38
30
55
57
75
106
132
128
166
162
179
172
198
189
167
274
195
209
232
235
262
251
232
185
190
155
100
120
55
68
49
50
45
18
16
7
6
7
3
7
16
15
20
4
16
27
28
39
43
37
43
20
33
21
24
23
23
26
13
22
13
13
14
14
10
5
10
9
4

49
49
50
32
57
49
54
48
54
53
47
65
51
62
61
65
50
78
56
64
51
63
53
45
47
48
54
57
60
63
55
49
43
85
76
104
143
177
173
215
211
227
224
250
244
214
347
252
273
298
290
326
322
290
234
242
201
160
173
82
88
81
85
67
27
17
7
12
8
3
8
25
18
24
8
26
36
57
69
77
65
76
48
59
50
40
31
32
37
18
32
18
15
19
18
12
15
15
11
4

73
78
74
44
78
71
78
59
74
69
71
77
65
88
83
87
70
100
76
86
70
80
68
61
65
66
71
79
75
89
78
66
61
125
107
133
186
245
234
270
265
287
272
313
316
270
441
332
356
374
365
399
404
354
286
323
259
217
226
121
124
116
117
83
42
21
11
14
9
5
9
28
24
39
14
33
67
93
106
126
100
125
82
90
85
64
63
54
75
23
47
24
23
21
20
17
19
15
12
7

102
111
113
69
109
98
112
90
103
97
95
105
94
117
108
115
92
129
104
122
100
105
103
76
91
97
98
99
89
117
107
94
92
163
141
183
253
331
308
349
323
347
323
381
388
340
548
415
444
465
449
482
489
423
363
401
332
283
285
166
179
151
156
109
60
21
24
21
11
10
10
47
39
55
29
55
108
129
145
177
138
168
117
129
129
104
102
87
121
50
76
39
34
29
26
20
26
18
17
7

146
160
140
115
148
132
156
129
139
136
126
137
129
157
144
160
126
166
141
166
136
138
141
105
115
127
123
143
118
155
138
125
118
214
198
232
335
422
382
410
386
420
389
467
474
420
670
485
523
559
524
569
583
505
431
482
404
347
346
222
245
201
199
148
83
33
42
31
12
17
12
72
53
75
51
79
149
176
193
249
173
215
165
173
177
140
148
128
174
84
120
63
54
40
34
22
39
21
23
8

210
228
195
173
203
167
223
183
185
191
174
181
170
209
177
200
178
212
189
223
187
179
186
163
158
172
170
200
159
194
182
168
168
286
271
303
426
532
451
480
457
499
463
553
566
505
803
567
608
653
615
666
686
592
523
575
479
429
416
287
317
257
241
181
106
45
66
52
16
25
16
96
61
92
73
96
188
214
245
328
223
269
214
230
234
191
197
178
244
123
163
95
84
59
43
27
56
26
32
10

