# LSR ANF raster plot
35 0 350      8.380
44 0 440     68.200
44 7 447     31.880
45 0 450     60.100
45 7 457     34.940
45 7 457     48.080
45 8 458     30.620
46 0 460     57.960
46 2 462     59.240
46 4 464     31.940
46 4 464     57.980
46 5 465     41.020
46 6 466     25.940
46 8 468     50.760
46 9 469     45.980
46 9 469     66.620
47 1 471     34.280
47 2 472     24.920
47 2 472     52.400
47 2 472     56.740
47 4 474     49.900
47 4 474     52.620
47 5 475     73.680
47 6 476     37.840
47 7 477     28.800
47 8 478     23.880
47 9 479     37.460
47 9 479     46.020
48 0 480     27.640
48 1 481     25.240
48 1 481     40.380
48 1 481     48.680
48 1 481     68.960
48 2 482     67.880
48 4 484     70.820
48 5 485     49.460
48 5 485     72.400
48 6 486     42.020
48 6 486     61.980
48 7 487     24.020
48 7 487     58.840
48 8 488     35.560
48 8 488     55.780
48 9 489     40.020
48 9 489     61.340
49 0 490     34.980
49 0 490     52.640
49 0 490     65.780
49 1 491     28.780
49 1 491     59.780
49 1 491     63.980
49 1 491     72.560
49 2 492     29.900
49 2 492     63.460
49 2 492     67.360
49 3 493     35.280
49 3 493     41.580
49 4 494     29.400
49 4 494     48.780
49 4 494     64.740
49 5 495     49.140
49 6 496     26.260
49 6 496     30.820
49 6 496     34.420
49 6 496     40.480
49 6 496     47.600
49 6 496     71.980
49 7 497     56.740
49 7 497     64.600
49 8 498     25.140
49 8 498     37.980
49 8 498     50.980
49 8 498     60.260
49 8 498     65.120
49 9 499     32.200
49 9 499     41.020
49 9 499     48.200
49 9 499     71.340
50 0 500     28.440
50 0 500     38.980
50 0 500     52.340
50 1 501     35.120
50 1 501     38.240
50 1 501     49.860
50 1 501     60.260
50 2 502     23.960
50 2 502     32.580
50 2 502     35.940
50 2 502     49.720
50 2 502     60.960
50 2 502     69.240
50 3 503     46.440
50 3 503     52.800
50 3 503     60.720
50 3 503     62.720
50 3 503     71.300
50 4 504     28.800
50 4 504     59.220
50 4 504     62.000
50 4 504     64.700
50 4 504     72.040
50 5 505     29.440
50 5 505     40.320
50 5 505     49.720
50 6 506     59.640
50 6 506     61.960
50 6 506     70.040
50 7 507     64.100
50 8 508     52.620
50 8 508     69.620
50 9 509     25.880
50 9 509     32.660
50 9 509     38.280
50 9 509     54.200
50 9 509     59.520
50 9 509     65.640
50 9 509     70.120
51 0 510     34.540
51 0 510     48.680
51 0 510     58.580
51 0 510     66.440
51 1 511     27.520
51 1 511     35.340
51 1 511     48.480
51 1 511     57.720
51 1 511     72.580
51 2 512     41.780
51 2 512     51.000
51 3 513     28.860
51 3 513     32.880
51 3 513     42.080
51 3 513     50.120
51 3 513     65.280
51 4 514     27.820
51 4 514     28.860
51 4 514     42.020
51 4 514     56.960
51 4 514     62.800
51 4 514     64.860
51 5 515     24.180
51 5 515     31.460
51 5 515     35.260
51 5 515     39.060
51 5 515     55.560
51 5 515     64.220
51 6 516     63.560
51 7 517     47.220
51 7 517     69.020
51 8 518     26.060
51 8 518     42.900
51 8 518     48.800
51 8 518     50.480
51 8 518     55.300
51 8 518     69.800
51 9 519     29.100
51 9 519     54.240
51 9 519     59.140
51 9 519     68.920
52 0 520     24.760
52 0 520     46.920
52 0 520     68.420
52 1 521     23.980
52 1 521     55.480
52 2 522     32.660
52 2 522     44.220
52 2 522     69.320
52 3 523     27.060
52 3 523     30.140
52 3 523     38.800
52 3 523     59.780
52 4 524     26.220
52 4 524     40.240
52 4 524     42.480
52 5 525     25.120
52 5 525     33.440
52 6 526     34.660
52 6 526     37.380
52 6 526     47.600
52 6 526     55.440
52 7 527     45.080
52 7 527     54.860
52 8 528     48.980
52 8 528     60.400
52 8 528     65.220
52 8 528     69.580
52 9 529     24.240
52 9 529     40.780
52 9 529     56.500
52 9 529     73.380
53 0 530     31.380
53 0 530     41.180
53 1 531     60.700
53 1 531     66.260
53 1 531     70.160
53 2 532     25.160
53 3 533     32.920
53 3 533     59.040
53 3 533     64.280
53 3 533     66.800
53 4 534     33.400
53 4 534     47.020
53 5 535     23.620
53 5 535     39.840
53 5 535     50.280
53 6 536     30.400
53 7 537     68.380
53 7 537     69.680
53 8 538     24.940
53 8 538     33.060
53 8 538     57.180
53 8 538     59.460
53 8 538     65.420
53 9 539     23.660
53 9 539     28.580
53 9 539     58.340
54 0 540     42.640
54 0 540     71.580
54 0 540     75.660
54 1 541     50.460
54 1 541     61.580
54 1 541     65.800
54 2 542     27.020
54 2 542     31.760
54 2 542     55.520
54 2 542     61.760
54 3 543     30.980
54 3 543     64.060
54 3 543     66.820
54 4 544     29.480
54 4 544     52.120
54 4 544     70.620
54 5 545     33.600
54 5 545     54.780
54 5 545     62.640
54 6 546     28.700
54 6 546     36.180
54 6 546     39.460
54 6 546     63.380
54 7 547     26.820
54 7 547     60.640
54 9 549     39.780
54 9 549     50.500
54 9 549     67.180
55 1 551     39.920
55 1 551     58.940
55 1 551     69.480
55 2 552     37.420
55 2 552     45.480
55 3 553     32.960
55 3 553     47.040
55 3 553     58.500
55 3 553     68.080
55 5 555     25.760
55 5 555     29.780
55 6 556     28.920
55 6 556     33.380
55 6 556     46.280
55 7 557     27.360
55 7 557     34.560
55 7 557     60.920
55 8 558     23.260
55 9 559     30.340
55 9 559     47.000
55 9 559     62.380
56 0 560     40.060
56 2 562     24.200
56 2 562     53.880
56 3 563     26.540
56 3 563     68.420
56 4 564     39.120
56 4 564     68.700
56 5 565     36.780
56 5 565     54.120
56 6 566     19.060
56 6 566     31.580
56 6 566     59.160
56 7 567     42.700
56 7 567     51.220
56 9 569     34.640
56 9 569     47.040
57 0 570     45.060
57 1 571     61.460
57 2 572     36.280
57 3 573     48.840
57 6 576     29.360
57 8 578     58.240
58 1 581     63.520
58 2 582     48.000
58 2 582     57.940
58 3 583     26.480
58 5 585     61.380
58 7 587     39.300
59 0 590     45.160
59 6 596     45.620
59 7 597     63.560
59 8 598     59.400
69 4 694     31.320
87 4 874     16.060
92 3 923      8.100
