# Tstellate cell raster plot
0 0 0     32.700
0 0 0     70.400
1 0 1     21.200
1 0 1     36.000
1 0 1     40.900
1 0 1     63.700
2 0 2      8.000
2 0 2     31.100
2 0 2     58.700
3 0 3     22.000
3 0 3     79.200
4 0 4     29.700
4 0 4     44.600
6 0 6     34.700
6 0 6     67.300
6 0 6     74.400
7 0 7     15.800
7 0 7     25.700
7 0 7     34.100
7 0 7     63.800
8 0 8     53.300
8 0 8     67.300
9 0 9     16.200
9 0 9     79.300
10 0 10     28.500
10 0 10     50.400
10 0 10     58.600
10 0 10     67.600
10 0 10     77.200
11 0 11     12.200
11 0 11     53.500
13 0 13     26.100
14 0 14     10.400
14 0 14     69.900
15 0 15     15.900
15 0 15     40.800
16 0 16     24.500
16 0 16     42.600
16 0 16     67.500
17 0 17     76.000
18 0 18     36.600
18 0 18     76.300
19 0 19      9.200
19 0 19     17.500
19 0 19     56.900
20 0 20     68.200
20 0 20     72.500
21 0 21     33.600
21 0 21     53.100
22 0 22     40.100
23 0 23     13.200
23 0 23     31.700
23 0 23     41.000
23 0 23     58.300
24 0 24      7.200
24 0 24     13.400
24 0 24     44.500
24 0 24     55.400
25 0 25     18.800
25 0 25     67.800
25 0 25     76.600
26 0 26     45.500
26 0 26     67.100
27 0 27     11.200
27 0 27     50.200
27 0 27     60.000
27 0 27     67.600
28 0 28      3.900
28 0 28     19.100
28 0 28     47.900
29 0 29     71.000
30 0 30     10.500
30 0 30     61.300
31 0 31     10.600
31 0 31     55.300
31 0 31     63.000
32 0 32     76.700
33 0 33      5.200
33 0 33     16.400
33 0 33     35.600
33 0 33     50.800
34 0 34     11.900
34 0 34     39.200
34 0 34     54.300
34 0 34     74.100
35 0 35     13.300
35 0 35     26.500
35 0 35     38.900
35 0 35     53.000
36 0 36     14.100
36 0 36     38.900
37 0 37     64.000
38 0 38     34.500
38 0 38     62.900
39 0 39     62.300
40 0 40     14.200
40 0 40     26.200
40 0 40     52.400
41 0 41     26.700
41 0 41     37.200
41 0 41     46.200
41 0 41     58.900
42 0 42     20.400
42 0 42     42.200
42 0 42     45.900
42 0 42     55.500
42 0 42     63.300
42 0 42     69.200
43 0 43     27.200
43 0 43     30.600
43 0 43     34.600
43 0 43     42.500
43 0 43     48.300
43 0 43     53.400
43 0 43     62.700
43 0 43     69.100
43 0 43     73.900
44 0 44     26.100
44 0 44     30.700
44 0 44     33.700
44 0 44     36.800
44 0 44     41.400
44 0 44     46.100
44 0 44     52.900
44 0 44     58.700
44 0 44     64.200
44 0 44     69.500
44 0 44     72.500
45 0 45      3.300
45 0 45     18.500
45 0 45     25.800
45 0 45     29.000
45 0 45     34.100
45 0 45     37.300
45 0 45     41.500
45 0 45     44.200
45 0 45     47.900
45 0 45     51.300
45 0 45     57.300
45 0 45     61.500
45 0 45     67.600
45 0 45     71.800
45 0 45     74.300
46 0 46     25.800
46 0 46     29.600
46 0 46     33.300
46 0 46     36.500
46 0 46     40.600
46 0 46     43.900
46 0 46     46.800
46 0 46     50.700
46 0 46     53.200
46 0 46     57.400
46 0 46     61.900
46 0 46     65.600
46 0 46     68.800
46 0 46     74.000
47 0 47     25.600
47 0 47     28.800
47 0 47     32.500
47 0 47     35.100
47 0 47     41.500
47 0 47     45.400
47 0 47     48.000
47 0 47     50.400
47 0 47     55.900
47 0 47     60.100
47 0 47     64.400
47 0 47     69.700
47 0 47     74.500
48 0 48     10.100
48 0 48     25.500
48 0 48     29.200
48 0 48     34.200
48 0 48     37.400
48 0 48     40.300
48 0 48     46.700
48 0 48     49.500
48 0 48     53.500
48 0 48     56.300
48 0 48     59.000
48 0 48     64.000
48 0 48     66.800
48 0 48     70.100
48 0 48     75.100
49 0 49     24.300
49 0 49     25.800
49 0 49     28.400
49 0 49     32.400
49 0 49     34.900
49 0 49     37.600
49 0 49     45.900
49 0 49     48.800
49 0 49     50.700
49 0 49     54.900
49 0 49     60.000
49 0 49     62.300
49 0 49     66.600
49 0 49     71.200
49 0 49     73.600
50 0 50     25.300
50 0 50     28.300
50 0 50     32.200
50 0 50     36.700
50 0 50     40.100
50 0 50     44.100
50 0 50     47.400
50 0 50     50.000
50 0 50     53.000
50 0 50     57.000
50 0 50     60.900
50 0 50     64.200
50 0 50     70.500
50 0 50     74.400
51 0 51     25.300
51 0 51     29.000
51 0 51     32.200
51 0 51     37.300
51 0 51     42.200
51 0 51     48.000
51 0 51     50.400
51 0 51     54.400
51 0 51     57.500
51 0 51     61.500
51 0 51     64.600
51 0 51     67.300
51 0 51     70.700
51 0 51     75.300
52 0 52      4.600
52 0 52     14.300
52 0 52     25.300
52 0 52     29.900
52 0 52     34.000
52 0 52     38.000
52 0 52     41.200
52 0 52     44.000
52 0 52     48.900
52 0 52     52.100
52 0 52     57.800
52 0 52     61.100
52 0 52     65.000
52 0 52     71.100
52 0 52     75.500
53 0 53      4.500
53 0 53     25.200
53 0 53     28.700
53 0 53     31.900
53 0 53     33.800
53 0 53     36.600
53 0 53     40.600
53 0 53     43.300
53 0 53     45.800
53 0 53     50.000
53 0 53     53.900
53 0 53     57.700
53 0 53     61.100
53 0 53     64.800
53 0 53     68.700
53 0 53     72.400
54 0 54      7.200
54 0 54     25.100
54 0 54     28.400
54 0 54     31.700
54 0 54     34.900
54 0 54     40.300
54 0 54     43.800
54 0 54     47.000
54 0 54     49.100
54 0 54     52.600
54 0 54     55.800
54 0 54     61.200
54 0 54     64.900
54 0 54     71.100
54 0 54     75.300
55 0 55     25.200
55 0 55     28.400
55 0 55     31.200
55 0 55     34.900
55 0 55     39.500
55 0 55     45.200
55 0 55     48.100
55 0 55     51.700
55 0 55     54.600
55 0 55     59.300
55 0 55     65.100
55 0 55     68.100
55 0 55     73.700
56 0 56     20.000
56 0 56     25.100
56 0 56     28.300
56 0 56     31.800
56 0 56     34.200
56 0 56     38.000
56 0 56     41.000
56 0 56     44.500
56 0 56     48.600
56 0 56     51.400
56 0 56     56.500
56 0 56     61.600
56 0 56     66.300
56 0 56     70.700
56 0 56     74.100
57 0 57     25.100
57 0 57     28.000
57 0 57     31.800
57 0 57     33.700
57 0 57     37.300
57 0 57     43.300
57 0 57     46.100
57 0 57     50.500
57 0 57     56.000
57 0 57     61.300
57 0 57     64.600
57 0 57     70.200
57 0 57     72.800
58 0 58      8.800
58 0 58     25.200
58 0 58     27.900
58 0 58     30.700
58 0 58     35.000
58 0 58     37.900
58 0 58     40.800
58 0 58     44.500
58 0 58     48.500
58 0 58     51.200
58 0 58     56.200
58 0 58     62.100
58 0 58     66.000
58 0 58     69.600
58 0 58     73.300
59 0 59     25.100
59 0 59     31.300
59 0 59     34.700
59 0 59     37.300
59 0 59     40.100
59 0 59     42.800
59 0 59     46.200
59 0 59     49.200
59 0 59     53.200
59 0 59     56.700
59 0 59     59.700
59 0 59     65.200
59 0 59     69.800
59 0 59     73.800
60 0 60      5.300
60 0 60     17.600
60 0 60     25.200
60 0 60     28.400
60 0 60     31.300
60 0 60     34.200
60 0 60     39.500
60 0 60     43.200
60 0 60     45.700
60 0 60     49.300
60 0 60     52.300
60 0 60     56.100
60 0 60     60.000
60 0 60     69.300
60 0 60     74.300
61 0 61     25.300
61 0 61     27.800
61 0 61     32.300
61 0 61     35.500
61 0 61     40.700
61 0 61     45.800
61 0 61     51.300
61 0 61     54.700
61 0 61     58.500
61 0 61     62.800
61 0 61     68.000
61 0 61     73.400
62 0 62     25.200
62 0 62     27.100
62 0 62     31.100
62 0 62     33.600
62 0 62     36.300
62 0 62     41.200
62 0 62     45.200
62 0 62     49.800
62 0 62     54.700
62 0 62     59.300
62 0 62     62.700
62 0 62     65.800
62 0 62     68.200
62 0 62     73.300
63 0 63     12.900
63 0 63     25.600
63 0 63     30.800
63 0 63     34.300
63 0 63     38.600
63 0 63     45.500
63 0 63     51.800
63 0 63     59.500
63 0 63     64.400
63 0 63     72.900
64 0 64      9.800
64 0 64     26.000
64 0 64     30.300
64 0 64     38.800
64 0 64     47.100
64 0 64     54.700
64 0 64     67.400
64 0 64     70.100
64 0 64     73.200
65 0 65     21.400
65 0 65     30.800
65 0 65     48.400
65 0 65     56.200
65 0 65     63.200
65 0 65     71.200
66 0 66     21.900
66 0 66     36.800
66 0 66     43.200
66 0 66     73.300
67 0 67      5.300
67 0 67     45.200
67 0 67     73.300
67 0 67     79.700
68 0 68     11.600
68 0 68     55.600
69 0 69     48.200
69 0 69     60.200
70 0 70     67.400
71 0 71     25.900
71 0 71     39.700
71 0 71     66.700
71 0 71     74.900
72 0 72      9.300
72 0 72     47.200
72 0 72     57.400
73 0 73     14.100
73 0 73     20.600
74 0 74     53.200
75 0 75     12.100
75 0 75     56.700
75 0 75     68.700
76 0 76     27.100
77 0 77     34.600
78 0 78     17.500
78 0 78     47.000
78 0 78     74.500
79 0 79      4.000
79 0 79     17.100
79 0 79     23.000
79 0 79     36.000
79 0 79     49.400
79 0 79     80.000
80 0 80      9.400
80 0 80     69.900
80 0 80     77.100
81 0 81     35.400
81 0 81     69.700
81 0 81     76.400
82 0 82     28.300
82 0 82     35.500
82 0 82     41.800
82 0 82     55.700
83 0 83      5.500
83 0 83     73.100
84 0 84     13.800
85 0 85     66.000
86 0 86     11.100
86 0 86     54.400
87 0 87     32.000
87 0 87     41.300
87 0 87     49.200
87 0 87     63.800
88 0 88     37.800
88 0 88     58.400
89 0 89     13.800
89 0 89     41.200
89 0 89     64.200
90 0 90     13.300
91 0 91      7.300
91 0 91     48.700
91 0 91     70.000
92 0 92     47.300
92 0 92     76.600
93 0 93      7.200
93 0 93     49.200
93 0 93     64.900
94 0 94     62.800
95 0 95     45.600
95 0 95     59.000
96 0 96     65.000
97 0 97      9.700
97 0 97     60.000
98 0 98      7.000
98 0 98     19.200
98 0 98     49.800
98 0 98     68.600
99 0 99     17.400
99 0 99     38.900
99 0 99     51.000
