# TStellate2_CT1 Optimisation
# 20130828+16:23:23
 
#param.w.x[lsr][ts] = 0.0016202	[1e-07,0.3]
#param.w.x[hsr][ts] = 0.00088558	[1e-07,0.3]
#param.w.x[ds][ts] = 0.00040527	[1e-07,0.3]
#param.w.x[tv][ts] = 0.00032426	[1e-07,0.3]
#param.w.x[glg][ts] = 0.00014179	[1e-07,0.3]
# final error=89.139834
# Threshold level 20 
# Threshold rate 700 
# TS exemplar RMP -60.9
# TS exemplar CF 9100
# CV RMS errors:	
# Penalties :	
# IV RMS errors:	
# IV Penalties :	
# Final Error  89.1398   89.1398
# Time	 IV @spl=20 (mV)	 IV @spl=30 (mV)	 IV @spl=40 (mV)
-20.00	-65.000000	-65.000000	-65.000000
-19.90	-64.766934	-64.766934	-64.766934
-19.80	-64.545736	-64.545736	-64.545736
-19.70	-64.335646	-64.335646	-64.335646
-19.60	-64.136115	-64.136115	-64.136115
-19.50	-63.946649	-63.946649	-63.946649
-19.40	-63.766647	-63.766647	-63.766647
-19.30	-63.595652	-63.595652	-63.595652
-19.20	-63.433250	-63.433250	-63.433250
-19.10	-63.279047	-63.279047	-63.279047
-19.00	-63.132590	-63.132590	-63.132590
-18.90	-62.993458	-62.993458	-62.993458
-18.80	-62.861308	-62.861308	-62.861308
-18.70	-62.735827	-62.735827	-62.735827
-18.60	-62.616717	-62.616717	-62.616717
-18.50	-62.503695	-62.503695	-62.503695
-18.40	-62.396372	-62.396372	-62.396372
-18.30	-62.294460	-62.294460	-62.294460
-18.20	-62.197712	-62.197712	-62.197712
-18.10	-62.105895	-62.105895	-62.105895
-18.00	-62.018788	-62.018788	-62.018788
-17.90	-61.936179	-61.936179	-61.936179
-17.80	-61.857864	-61.857864	-61.857864
-17.70	-61.783649	-61.783649	-61.783649
-17.60	-61.713277	-61.713277	-61.713277
-17.50	-61.646526	-61.646526	-61.646526
-17.40	-61.583227	-61.583227	-61.583227
-17.30	-61.523219	-61.523219	-61.523219
-17.20	-61.466349	-61.466349	-61.466349
-17.10	-61.412473	-61.412473	-61.412473
-17.00	-61.361448	-61.361448	-61.361448
-16.90	-61.313618	-61.313139	-61.313139
-16.80	-61.268711	-61.267416	-61.267416
-16.70	-61.206969	-61.204632	-61.224153
-16.60	-61.153361	-61.130333	-61.144217
-16.50	-61.086687	-61.068029	-61.038959
-16.40	-61.030838	-61.015006	-60.917368
-16.30	-60.964399	-60.950280	-60.784456
-16.20	-60.910543	-60.857885	-60.624171
-16.10	-60.866299	-60.727243	-60.485389
-16.00	-60.791117	-60.589723	-60.342469
-15.90	-60.732690	-60.430299	-60.215917
-15.80	-60.667409	-60.255185	-60.063967
-15.70	-60.559567	-60.109120	-59.932211
-15.60	-60.421965	-59.984333	-59.816168
-15.50	-60.244855	-59.804109	-59.697064
-15.40	-59.963813	-59.621207	-59.571723
-15.30	-59.706988	-59.435446	-59.422565
-15.20	-59.430785	-59.282646	-59.277983
-15.10	-59.218669	-59.172384	-59.081727
-15.00	-58.980912	-59.073824	-58.925225
-14.90	-58.779026	-58.947859	-58.761237
-14.80	-58.570842	-58.840205	-58.554246
-14.70	-58.352214	-58.746256	-58.412289
-14.60	-58.143790	-58.677002	-58.280806
-14.50	-57.927053	-58.513478	-58.140207
-14.40	-57.731962	-58.316421	-57.936430
-14.30	-57.508997	-58.104437	-57.711313
-14.20	-57.281641	-57.873414	-57.517171
-14.10	-56.966148	-57.646994	-57.263336
-14.00	-56.395718	-57.275530	-56.949989
-13.90	-55.663425	-56.606877	-56.649191
-13.80	-55.440269	-55.963484	-56.242301
-13.70	-55.485097	-55.772387	-55.366617
-13.60	-55.847476	-55.963374	-55.248557
-13.50	-56.163559	-56.341411	-55.149347
-13.40	-56.231889	-56.490006	-55.656894
-13.30	-56.156653	-56.162469	-56.144362
-13.20	-55.963424	-55.850303	-56.493816
-13.10	-55.506093	-55.772902	-56.570944
-13.00	-54.537791	-56.146190	-56.550259
-12.90	-54.011189	-56.529384	-56.451478
-12.80	-52.707233	-56.586307	-56.309135
-12.70	-53.000448	-56.441861	-56.171145
-12.60	-53.407856	-56.142696	-56.039442
-12.50	-54.768597	-55.564586	-55.894831
-12.40	-55.584234	-54.754013	-55.703512
-12.30	-55.618827	-54.466397	-55.460538
-12.20	-55.849643	-54.262587	-55.219883
-12.10	-55.894712	-54.169623	-54.986999
-12.00	-56.387145	-53.497063	-54.742926
-11.90	-56.689512	-52.780605	-54.478531
-11.80	-56.658575	-52.282964	-54.146297
-11.70	-56.055253	-52.670867	-53.676454
-11.60	-55.577302	-53.480337	-52.766486
-11.50	-54.967295	-54.278533	-51.733751
-11.40	-55.405417	-54.378504	-51.273000
-11.30	-55.943161	-54.625357	-51.211468
-11.20	-56.874853	-54.410631	-51.289282
-11.10	-57.342447	-54.118115	-51.405400
-11.00	-57.433653	-53.921025	-50.489370
-10.90	-56.990759	-53.939500	-49.456113
-10.80	-56.405677	-54.260640	-48.712298
-10.70	-56.214835	-54.874993	-49.368842
-10.60	-56.325933	-55.479425	-51.359148
-10.50	-56.695853	-55.749402	-54.034472
-10.40	-56.864254	-55.539962	-56.232065
-10.30	-56.375639	-55.238038	-57.801854
-10.20	-56.434719	-55.506330	-58.734741
-10.10	-56.408457	-56.108305	-59.179991
-10.00	-56.857926	-57.114048	-59.389427
-9.90	-57.248204	-57.635975	-59.480523
-9.80	-57.423117	-57.748116	-59.431550
-9.70	-57.406206	-57.501223	-59.351565
-9.60	-57.224442	-56.960693	-59.284759
-9.50	-56.986207	-55.822245	-59.192261
-9.40	-56.623218	-55.187065	-59.100721
-9.30	-55.884101	-54.911506	-59.023038
-9.20	-55.728775	-55.579300	-58.900655
-9.10	-55.487827	-56.372090	-58.743802
-9.00	-55.800400	-56.805914	-58.558368
-8.90	-55.653662	-56.778495	-58.374295
-8.80	-55.292551	-56.265630	-58.069429
-8.70	-55.079861	-55.151102	-57.712451
-8.60	-54.833517	-53.634948	-57.127638
-8.50	-55.301736	-53.575693	-56.669974
-8.40	-55.585264	-53.740492	-56.439146
-8.30	-56.127610	-54.588717	-56.574191
-8.20	-56.100241	-55.758486	-56.442388
-8.10	-55.815132	-56.437214	-56.301589
-8.00	-55.335334	-57.244564	-56.366770
-7.90	-55.329998	-57.724583	-56.780220
-7.80	-55.527232	-57.896581	-57.210779
-7.70	-55.846802	-57.851085	-57.382036
-7.60	-56.438882	-57.615943	-57.171864
-7.50	-57.103387	-57.034902	-56.646276
-7.40	-57.734951	-55.550699	-56.582656
-7.30	-58.129849	-54.605833	-56.470725
-7.20	-58.189252	-54.399658	-56.967529
-7.10	-58.134218	-55.311089	-57.215020
-7.00	-57.988363	-56.668370	-57.265466
-6.90	-57.806033	-57.516872	-57.138119
-6.80	-57.481102	-57.820105	-56.789417
-6.70	-56.908680	-57.690630	-55.993675
-6.60	-56.221371	-57.238478	-55.742415
-6.50	-55.741399	-57.111816	-55.285180
-6.40	-55.048621	-56.952536	-55.056541
-6.30	-53.535136	-57.155928	-55.240559
-6.20	-53.737630	-57.053456	-55.079466
-6.10	-53.951305	-56.689493	-55.149826
-6.00	-55.650087	-56.745564	-55.423757
-5.90	-57.066725	-56.921221	-55.473620
-5.80	-57.858232	-57.515843	-55.650552
-5.70	-58.040239	-57.881163	-55.256441
-5.60	-57.945894	-58.031323	-54.659335
-5.50	-57.517411	-57.999459	-54.781805
-5.40	-56.350286	-57.858068	-55.089316
-5.30	-55.451832	-57.544715	-55.502380
-5.20	-54.566294	-56.758967	-55.376571
-5.10	-55.049013	-55.726189	-55.773663
-5.00	-56.151587	-55.388522	-56.351036
-4.90	-57.423660	-55.673319	-57.502426
-4.80	-58.285768	-56.594628	-58.127862
-4.70	-58.632320	-57.285519	-57.986103
-4.60	-58.410106	-57.117598	-57.913576
-4.50	-58.219888	-57.339361	-57.914535
-4.40	-58.208039	-57.380154	-58.263354
-4.30	-58.566120	-57.930904	-58.644293
-4.20	-58.976743	-58.444670	-58.854714
-4.10	-59.269945	-58.781136	-58.653390
-4.00	-59.385723	-58.880391	-57.813626
-3.90	-59.357359	-58.916570	-57.571333
-3.80	-59.287560	-58.915956	-57.149060
-3.70	-59.043075	-58.894035	-57.102292
-3.60	-58.693444	-58.826728	-57.157131
-3.50	-57.969275	-58.699375	-57.376632
-3.40	-57.858507	-58.548833	-57.774522
-3.30	-57.706658	-58.432723	-58.331293
-3.20	-58.157416	-58.316614	-58.646755
-3.10	-58.486628	-58.154578	-58.757993
-3.00	-58.630514	-57.925503	-58.779893
-2.90	-58.585858	-57.612437	-58.731021
-2.80	-58.509928	-57.104520	-58.663041
-2.70	-58.416190	-56.625032	-58.574659
-2.60	-58.287171	-56.440639	-58.326347
-2.50	-58.117310	-56.655309	-58.021934
-2.40	-57.856764	-57.032022	-57.382757
-2.30	-57.296430	-57.264032	-56.887854
-2.20	-57.047861	-57.291806	-56.751275
-2.10	-56.920563	-57.242202	-57.020057
-2.00	-57.343024	-57.137898	-57.481262
-1.90	-57.723010	-56.975244	-57.814752
-1.80	-57.879855	-56.799570	-57.935234
-1.70	-57.843632	-56.627313	-57.908414
-1.60	-57.653667	-56.279771	-57.842655
-1.50	-57.226176	-55.822729	-57.722780
-1.40	-56.582369	-54.919249	-57.458806
-1.30	-56.502036	-54.061247	-57.206826
-1.20	-56.502373	-53.274377	-56.921333
-1.10	-57.073840	-53.146226	-56.586107
-1.00	-57.482392	-52.947034	-56.026800
-0.90	-57.690704	-53.930336	-55.388739
-0.80	-57.742920	-54.429833	-55.178176
-0.70	-57.744544	-55.091042	-55.164985
-0.60	-57.709080	-55.117406	-55.607383
-0.50	-57.653667	-55.364864	-55.894281
-0.40	-57.555023	-55.399349	-56.048374
-0.30	-57.425321	-55.740721	-56.004018
-0.20	-57.176812	-55.492825	-55.883335
-0.10	-56.858618	-55.145850	-55.702356
0.00	-56.595324	-54.744487	-55.491351
0.10	-56.283463	-54.242200	-55.192013
0.20	-55.872645	-54.061740	-54.807445
0.30	-55.116172	-53.393431	-54.182443
0.40	-54.611383	-53.561726	-52.646920
0.50	-54.228976	-53.960669	-52.227856
0.60	-53.984835	-54.663685	-51.568307
0.70	-54.012895	-55.681434	-52.023212
0.80	-53.850691	-56.431982	-52.285344
0.90	-53.775718	-57.229007	-52.594992
1.00	-53.876161	-57.616446	-53.340586
1.10	-54.104454	-57.499788	-54.081487
1.20	-54.700287	-56.948004	-54.862308
1.30	-55.291491	-56.631798	-55.768428
1.40	-55.565493	-56.358989	-56.255893
1.50	-55.943530	-56.964318	-57.029613
1.60	-56.201567	-57.680589	-57.532608
1.70	-56.764830	-58.398216	-57.714139
1.80	-57.042255	-58.786943	-57.315107
1.90	-57.011599	-58.948987	-57.055611
2.00	-56.537478	-58.957403	-57.000076
2.10	-55.969645	-58.831376	-57.398825
2.20	-55.698617	-58.663760	-57.765108
2.30	-55.656206	-58.472382	-58.017539
2.40	-55.468075	-58.189026	-58.104181
2.50	-55.762832	-57.937939	-58.100575
2.60	-55.699910	-57.626015	-58.018479
2.70	-55.927762	-57.360875	-57.792627
2.80	-55.501099	-57.109455	-57.352481
2.90	-55.315562	-56.847081	-56.612036
3.00	-55.330820	-56.604661	-56.415524
3.10	-56.014198	-56.347424	-56.253209
3.20	-56.375991	-56.078793	-56.760934
3.30	-56.967489	-55.736684	-57.080771
3.40	-57.215162	-55.200252	-57.196985
3.50	-57.923088	-54.620775	-56.994972
3.60	-58.434265	-54.352353	-56.577169
3.70	-58.699008	-54.249057	-56.612385
3.80	-58.649431	-54.312352	-56.789894
3.90	-58.464747	-53.789489	-57.343889
4.00	-58.038687	-52.521022	-57.743640
4.10	-57.403620	-51.737110	-57.891582
4.20	-57.188136	-51.460997	-57.885993
4.30	-57.095395	-52.028302	-57.597356
4.40	-57.498169	-52.906629	-57.357186
4.50	-57.663539	-52.600409	-57.418102
4.60	-57.549750	-52.882712	-57.749755
4.70	-56.947902	-53.373753	-58.105621
4.80	-56.621021	-54.380825	-57.959275
4.90	-56.182868	-55.981602	-57.132439
5.00	-56.157685	-56.635043	-55.820914
5.10	-56.567786	-56.865623	-53.606289
5.20	-56.970616	-56.377749	-51.052223
5.30	-57.218428	-54.642250	-48.305340
5.40	-56.657934	-52.082589	-44.568892
5.50	-55.462199	-48.809582	-38.255237
5.60	-53.272709	-43.144337	-29.452973
5.70	-49.880191	-36.817821	-24.047060
5.80	-45.236772	-31.148711	-25.536273
5.90	-39.108099	-31.114270	-33.074767
6.00	-32.424556	-33.534092	-42.774978
6.10	-28.916334	-38.368612	-51.316435
6.20	-28.420691	-44.312757	-56.781716
6.30	-33.365376	-48.611621	-59.961072
6.40	-39.624575	-52.769842	-61.730868
6.50	-46.528266	-55.344940	-62.745088
6.60	-51.663143	-56.961732	-63.095007
6.70	-54.963568	-57.767906	-63.226148
6.80	-56.626422	-58.497304	-63.152448
6.90	-57.540442	-59.597854	-62.937699
7.00	-58.150339	-60.761081	-62.733387
7.10	-58.477100	-61.650009	-62.553964
7.20	-58.642882	-62.122678	-62.362009
7.30	-58.595369	-62.382231	-62.139189
7.40	-58.353176	-62.442301	-61.798015
7.50	-58.101625	-62.398593	-61.151812
7.60	-58.298591	-62.193530	-60.201102
7.70	-58.579501	-61.811014	-59.198395
7.80	-59.211962	-61.319658	-58.334293
7.90	-59.674139	-60.617540	-57.328704
8.00	-59.826043	-59.566147	-56.475976
8.10	-59.744125	-58.571172	-55.252294
8.20	-59.605067	-57.272425	-53.884993
8.30	-59.279882	-56.021517	-52.607820
8.40	-58.959111	-54.786864	-50.859937
8.50	-58.615991	-53.650004	-49.257280
8.60	-58.234414	-52.186048	-47.347479
8.70	-57.599738	-50.031010	-45.563647
8.80	-56.828206	-47.638513	-44.681185
8.90	-55.946896	-45.054981	-43.539528
9.00	-54.846307	-43.076654	-42.010260
9.10	-53.350036	-41.655486	-41.447898
9.20	-52.326313	-40.054195	-40.853753
9.30	-51.259575	-39.823727	-41.948934
9.40	-50.627983	-42.086034	-43.470474
9.50	-48.856866	-44.816049	-44.698206
9.60	-47.010335	-48.267990	-45.820490
9.70	-44.307844	-51.116830	-46.229913
9.80	-40.488013	-52.719069	-47.131760
9.90	-38.716435	-53.852911	-48.212170
10.00	-37.336928	-53.591583	-50.100776
10.10	-39.762623	-52.923108	-52.136099
10.20	-42.442843	-51.179417	-54.178728
10.30	-44.473075	-50.062782	-55.691350
10.40	-46.949846	-49.605917	-56.567886
10.50	-47.557282	-50.567193	-56.533283
10.60	-49.828606	-52.186606	-56.233007
10.70	-51.194121	-53.912298	-55.548122
10.80	-52.738364	-54.692960	-54.230447
10.90	-53.707531	-54.671123	-53.307344
11.00	-54.791349	-54.113780	-52.424630
11.10	-55.940990	-53.011049	-52.029354
11.20	-56.772787	-51.745842	-51.081153
11.30	-56.982672	-51.262906	-49.381374
11.40	-56.594943	-51.271220	-48.429200
11.50	-55.963524	-51.934606	-47.902033
11.60	-55.375344	-52.169598	-47.960604
11.70	-54.760119	-51.856691	-47.460806
11.80	-54.048069	-50.757448	-46.860172
11.90	-53.048035	-49.392192	-46.640925
12.00	-51.983655	-47.299903	-46.833771
12.10	-51.145748	-46.095706	-47.647848
12.20	-49.876728	-44.941480	-47.822376
12.30	-49.003748	-45.136343	-47.472563
12.40	-47.733419	-46.315297	-46.794928
12.50	-46.481672	-47.174547	-45.951394
12.60	-46.247086	-47.806089	-47.225317
12.70	-46.131908	-48.310760	-48.422027
12.80	-45.277748	-48.816995	-50.148140
12.90	-45.151892	-49.632704	-49.886025
13.00	-44.463686	-50.319057	-49.153173
13.10	-45.818865	-49.661600	-49.252392
13.20	-47.455458	-49.587077	-50.092268
13.30	-49.467954	-49.505908	-51.546805
13.40	-51.251939	-50.424364	-52.390713
13.50	-52.215766	-50.844462	-52.924051
13.60	-52.115726	-51.209691	-52.574195
13.70	-51.715095	-51.560059	-52.321430
13.80	-51.812926	-51.502720	-50.918388
13.90	-52.104362	-51.953628	-49.752967
14.00	-52.878632	-51.983242	-48.390476
14.10	-53.481369	-51.513743	-47.513285
14.20	-53.640752	-51.094915	-46.507531
14.30	-53.426354	-50.410965	-46.301217
14.40	-52.866206	-50.489868	-46.984838
14.50	-51.631452	-50.624182	-47.759466
14.60	-51.205799	-51.090728	-48.495776
14.70	-50.575484	-50.398060	-49.616104
14.80	-50.146903	-50.172288	-50.853947
14.90	-49.374558	-49.833575	-52.026597
15.00	-47.840236	-49.125366	-52.113136
15.10	-46.522314	-48.771494	-52.071002
15.20	-44.041513	-48.180154	-52.020611
15.30	-44.281686	-47.119412	-52.272958
15.40	-45.377458	-46.690921	-52.712309
15.50	-48.484009	-47.026064	-52.527130
15.60	-50.803138	-48.038698	-51.318566
15.70	-51.260482	-48.696678	-49.799792
15.80	-50.462717	-48.789420	-47.904212
15.90	-50.431157	-48.266397	-47.336219
16.00	-50.350741	-48.622929	-46.798988
16.10	-50.699590	-49.299681	-47.597921
16.20	-50.797369	-49.718353	-47.983346
16.30	-50.713090	-50.135969	-48.111175
16.40	-50.364193	-49.909373	-48.226502
16.50	-50.682593	-49.987066	-47.489542
16.60	-50.665427	-50.265026	-46.273404
16.70	-50.742020	-50.485335	-44.530732
16.80	-51.306696	-51.027555	-43.769124
16.90	-51.346942	-51.308467	-43.607319
17.00	-50.916162	-51.060012	-44.837756
17.10	-49.955672	-50.355501	-46.098127
17.20	-48.897049	-49.293075	-47.123981
17.30	-48.583239	-49.104236	-48.358716
17.40	-48.885049	-49.719509	-49.196373
17.50	-49.067178	-50.256810	-50.284183
17.60	-49.556114	-50.049766	-50.969209
17.70	-49.064839	-50.496396	-51.682888
17.80	-48.336763	-50.119058	-51.918055
17.90	-47.470011	-50.217041	-51.938291
18.00	-47.340428	-50.447185	-51.026523
18.10	-47.800155	-50.337784	-50.759614
18.20	-49.171615	-50.078200	-49.672103
18.30	-50.316221	-50.026986	-50.209806
18.40	-51.677229	-50.155755	-50.366616
18.50	-52.099851	-49.975797	-50.859131
18.60	-52.140239	-49.645115	-50.840509
18.70	-51.135695	-49.458136	-50.861056
18.80	-50.301281	-48.659768	-51.016155
18.90	-49.225070	-48.638186	-50.920532
19.00	-49.714672	-49.074921	-50.953929
19.10	-50.256417	-49.228997	-49.736072
19.20	-50.965344	-49.621687	-49.495084
19.30	-51.031680	-49.882009	-49.670227
19.40	-50.455324	-49.894674	-50.452446
19.50	-50.303552	-50.412014	-50.754115
19.60	-50.778691	-50.464601	-51.012832
19.70	-51.333141	-49.724898	-51.012994
19.80	-52.227260	-48.701102	-51.332809
19.90	-52.255155	-48.246820	-51.270470
20.00	-52.688911	-48.594334	-51.104967
20.10	-52.736735	-49.888368	-50.919284
20.20	-52.585188	-51.313823	-50.487830
20.30	-52.269238	-52.298993	-50.411725
20.40	-51.586624	-52.570145	-50.352156
20.50	-50.422275	-51.889409	-50.382739
20.60	-48.951820	-51.440493	-50.051951
20.70	-47.966909	-50.573119	-50.157182
20.80	-47.780340	-49.771961	-50.148533
20.90	-47.548420	-48.480605	-50.764099
21.00	-47.982340	-48.103366	-51.212120
21.10	-48.513302	-48.002195	-51.028902
21.20	-49.452327	-47.846265	-50.203422
21.30	-50.513425	-49.055739	-48.863890
21.40	-50.865350	-49.517208	-47.309944
21.50	-51.231376	-50.991372	-46.882874
21.60	-51.299822	-51.451561	-46.940457
21.70	-51.424876	-50.929305	-47.970408
21.80	-50.941049	-50.490359	-48.457106
21.90	-50.097994	-50.379328	-48.610102
22.00	-49.934750	-50.519572	-48.453692
22.10	-49.597481	-50.565341	-48.184274
22.20	-49.889745	-50.405871	-48.574704
22.30	-49.807499	-49.561896	-48.594384
22.40	-49.897173	-48.798723	-47.959518
22.50	-50.504210	-49.249621	-48.316428
22.60	-50.369105	-50.257758	-47.837804
22.70	-51.049235	-52.185705	-48.663418
22.80	-51.144179	-53.654326	-49.762731
22.90	-50.352736	-54.177946	-50.524936
23.00	-50.167828	-53.958940	-51.176990
23.10	-49.874519	-52.945163	-50.448964
23.20	-50.426171	-51.228153	-48.075143
23.30	-50.340959	-49.881778	-46.535164
23.40	-50.520295	-48.121019	-45.264379
23.50	-50.253305	-47.915859	-46.165095
23.60	-50.406471	-47.586573	-47.792226
23.70	-50.569460	-47.727614	-48.859384
23.80	-50.536663	-48.504860	-49.078326
23.90	-50.111408	-49.233472	-47.702700
24.00	-50.276738	-49.705844	-47.461785
24.10	-50.072368	-49.587993	-48.342628
24.20	-50.364766	-48.571318	-50.447087
24.30	-50.150296	-47.297098	-52.785345
24.40	-50.123457	-46.152672	-53.895190
24.50	-50.123373	-46.330328	-53.772386
24.60	-50.392094	-47.758768	-53.292420
24.70	-50.704491	-49.206251	-52.797270
24.80	-51.038943	-50.502692	-52.429981
24.90	-51.071939	-51.217712	-52.007735
25.00	-50.992130	-51.552956	-51.896825
25.10	-51.023812	-52.251876	-51.081531
25.20	-51.505724	-52.631768	-50.399282
25.30	-51.978583	-53.003098	-49.214409
25.40	-52.216850	-52.363466	-47.669132
25.50	-52.181357	-51.537390	-46.631541
25.60	-51.600561	-51.275685	-46.536081
25.70	-50.611812	-51.302820	-46.461497
25.80	-48.511924	-51.935855	-47.708980
25.90	-47.422256	-51.993874	-48.784440
26.00	-45.966222	-52.479070	-50.382792
26.10	-45.864876	-52.354056	-51.703574
26.20	-45.872898	-52.279681	-52.019213
26.30	-46.045194	-51.052440	-51.285149
26.40	-47.189743	-50.307731	-50.289545
26.50	-48.910248	-48.918308	-49.207059
26.60	-50.220177	-48.438018	-48.438983
26.70	-51.414165	-48.879865	-48.509636
26.80	-51.589436	-49.549891	-48.704407
26.90	-51.221569	-50.317634	-49.795642
27.00	-51.236089	-50.150010	-50.777754
27.10	-50.605459	-48.399754	-51.420858
27.20	-50.101207	-46.310564	-51.203092
27.30	-49.122070	-43.613087	-50.632662
27.40	-48.533808	-43.411116	-49.709829
27.50	-49.046549	-44.496610	-49.278919
27.60	-49.684417	-46.735773	-48.861291
27.70	-49.553223	-48.704346	-49.135327
27.80	-49.293755	-49.865841	-49.074837
27.90	-49.003936	-50.837144	-49.244806
28.00	-49.567714	-51.680854	-49.825666
28.10	-50.423570	-52.166594	-49.873875
28.20	-51.088765	-51.168040	-50.236533
28.30	-50.622415	-51.252519	-50.356831
28.40	-50.241908	-51.162377	-49.951791
28.50	-49.652967	-52.531223	-49.066656
28.60	-49.958299	-53.524192	-48.294120
28.70	-49.972562	-53.574513	-47.486652
28.80	-50.313177	-53.036747	-47.936404
28.90	-50.537895	-52.390457	-48.826865
29.00	-50.327939	-52.143812	-50.040747
29.10	-50.378326	-51.911884	-51.058888
29.20	-49.792368	-52.388854	-51.167368
29.30	-49.452759	-52.495219	-51.204311
29.40	-48.712377	-52.584642	-50.976035
29.50	-49.242307	-52.475456	-50.516540
29.60	-49.374521	-51.580989	-50.249812
29.70	-50.403989	-50.251162	-49.695908
29.80	-50.950648	-48.937607	-49.936910
29.90	-50.992131	-48.225965	-50.359496
30.00	-51.218536	-48.197737	-50.886541
30.10	-51.296882	-47.819922	-51.823926
30.20	-52.073172	-48.633144	-52.617436
30.30	-52.449003	-48.911417	-52.625138
30.40	-52.232009	-50.042179	-52.827751
30.50	-51.925616	-49.827866	-52.673868
30.60	-50.486944	-48.483181	-52.795063
30.70	-50.367852	-47.877587	-52.523939
30.80	-50.304801	-47.614506	-51.438209
30.90	-50.759331	-49.270804	-49.810855
31.00	-51.962464	-50.683245	-48.158834
31.10	-52.054961	-51.921641	-47.233709
31.20	-52.724513	-52.329391	-47.455498
31.30	-52.775094	-52.766599	-47.728192
31.40	-52.395591	-53.090288	-47.066910
31.50	-51.869978	-53.271405	-47.080974
31.60	-51.281373	-52.918887	-46.891367
31.70	-50.445393	-51.521672	-48.468286
31.80	-49.791760	-50.616765	-50.029774
31.90	-49.411296	-49.646301	-50.831512
32.00	-49.455573	-48.493229	-51.326439
32.10	-49.222809	-48.805839	-51.405362
32.20	-49.132866	-48.369194	-51.131806
32.30	-48.405368	-49.332703	-50.150527
32.40	-47.931028	-49.700576	-48.685744
32.50	-46.875260	-49.411021	-47.161149
32.60	-46.356472	-48.842404	-45.840983
32.70	-45.215791	-48.428262	-46.095373
32.80	-46.523763	-48.562740	-46.137814
32.90	-48.077182	-49.472338	-46.856101
33.00	-50.258629	-49.413640	-47.087316
33.10	-52.329073	-49.085637	-47.812732
33.20	-53.460346	-49.205622	-48.623385
33.30	-54.670510	-49.732886	-49.796604
33.40	-55.382979	-50.342458	-50.758231
33.50	-56.031284	-50.609337	-51.365223
33.60	-56.031598	-49.798742	-51.751300
33.70	-55.306841	-48.795227	-52.546805
33.80	-54.833006	-48.467063	-52.695908
33.90	-54.184526	-48.151059	-52.653603
34.00	-53.696674	-49.469703	-52.578610
34.10	-52.365803	-50.353641	-51.676339
34.20	-51.626636	-51.510497	-51.338437
34.30	-50.709785	-51.468926	-51.209147
34.40	-51.118477	-50.289282	-51.464200
34.50	-51.661853	-50.116336	-51.221457
34.60	-52.409418	-49.762160	-50.572240
34.70	-52.344190	-50.442719	-50.031261
34.80	-51.257506	-50.237813	-50.408389
34.90	-50.351200	-49.472390	-50.940265
35.00	-49.295077	-47.445395	-51.413629
35.10	-48.652193	-46.216900	-51.181704
35.20	-47.231950	-46.525590	-50.728674
35.30	-46.284754	-48.018260	-50.610601
35.40	-46.011209	-50.459970	-50.527488
35.50	-45.989817	-51.525430	-49.594029
35.60	-46.292953	-52.402057	-48.063169
35.70	-46.788566	-52.430435	-46.495217
35.80	-47.204555	-52.147677	-46.379626
35.90	-47.919235	-50.558019	-46.434604
36.00	-48.552054	-49.371282	-48.119203
36.10	-48.570897	-47.965217	-48.977968
36.20	-48.261288	-47.823320	-49.817595
36.30	-49.153320	-48.299812	-50.322175
36.40	-49.743360	-48.699611	-51.317804
36.50	-51.001928	-48.484092	-51.844877
36.60	-51.770580	-48.196939	-52.677322
36.70	-51.300413	-47.713379	-53.343794
36.80	-51.311908	-47.737846	-53.480842
36.90	-51.630159	-47.920769	-53.660952
37.00	-52.514961	-48.307207	-53.373745
37.10	-53.424486	-48.963568	-52.373735
37.20	-53.998161	-49.980066	-50.777512
37.30	-53.960580	-50.277614	-49.698382
37.40	-54.429931	-50.173872	-49.250928
37.50	-54.766584	-50.048418	-48.740107
37.60	-55.365488	-48.849492	-48.636144
37.70	-55.545347	-48.629263	-48.357742
37.80	-55.384604	-48.926209	-49.191277
37.90	-54.834863	-50.058080	-50.369336
38.00	-53.791714	-51.255734	-51.183051
38.10	-52.250331	-51.754838	-51.352086
38.20	-50.619901	-51.848757	-50.375158
38.30	-49.668711	-51.846657	-49.822770
38.40	-48.355034	-51.755694	-49.802606
38.50	-48.072772	-52.444084	-50.022566
38.60	-47.471070	-52.882735	-50.654884
38.70	-45.938823	-53.380807	-50.451018
38.80	-44.939024	-53.319467	-50.183733
38.90	-44.842676	-52.943247	-49.419260
39.00	-44.624638	-52.540831	-48.016832
39.10	-46.129907	-51.457285	-46.000710
39.20	-45.938976	-50.349952	-45.215545
39.30	-46.118715	-49.837704	-46.171233
39.40	-47.404295	-49.589298	-48.947792
39.50	-49.297061	-49.507140	-51.571777
39.60	-51.503945	-49.889337	-52.783713
39.70	-52.983306	-49.823391	-52.830887
39.80	-53.540271	-50.793568	-52.716127
39.90	-53.474697	-51.383936	-52.032839
40.00	-52.947192	-51.160245	-51.490240
40.10	-51.956623	-50.819107	-50.769122
40.20	-52.145073	-49.347070	-50.472677
40.30	-52.546511	-47.782424	-49.846723
40.40	-53.619243	-47.106095	-49.837349
40.50	-54.036924	-45.893816	-49.874474
40.60	-53.592237	-46.252510	-49.670437
40.70	-52.877347	-46.319616	-50.798026
40.80	-51.636888	-47.391729	-51.265526
40.90	-50.319763	-47.834140	-52.415757
41.00	-49.591371	-48.649683	-52.876660
41.10	-49.457854	-49.156658	-52.525712
41.20	-50.037090	-49.598049	-50.832484
41.30	-50.508398	-50.338204	-49.441341
41.40	-50.431507	-50.338386	-48.963672
41.50	-49.801613	-50.690389	-49.972997
41.60	-48.104039	-50.823699	-51.569601
41.70	-46.320266	-51.111941	-52.431948
41.80	-46.011649	-51.441749	-52.366934
41.90	-45.512571	-51.582867	-52.248860
42.00	-47.122344	-51.981951	-51.360316
42.10	-48.771836	-52.012868	-50.908823
42.20	-50.353584	-51.253936	-50.739982
42.30	-52.035787	-49.517023	-50.600737
42.40	-52.698588	-48.132477	-51.104420
42.50	-51.796804	-47.667382	-50.647740
42.60	-49.958016	-49.100444	-50.241950
42.70	-49.513902	-50.822270	-50.545088
42.80	-48.707551	-52.162349	-50.711156
42.90	-49.960290	-52.091161	-52.149583
43.00	-51.000719	-51.510036	-53.242003
43.10	-51.505030	-50.893770	-53.642620
43.20	-51.754453	-51.120356	-53.296957
43.30	-52.168633	-51.447205	-52.430113
43.40	-52.011406	-52.110870	-51.073042
43.50	-52.818692	-51.788828	-49.050199
43.60	-52.958566	-51.086630	-46.837675
43.70	-53.641671	-50.607405	-46.360919
43.80	-53.849209	-50.272980	-46.870394
43.90	-54.185073	-49.888756	-48.291488
44.00	-53.703027	-49.654323	-49.336944
44.10	-53.047517	-49.506868	-49.176259
44.20	-52.205153	-49.949384	-49.082162
44.30	-51.122037	-50.381991	-49.533810
44.40	-50.388052	-50.437244	-50.066325
44.50	-48.845437	-50.448396	-50.058890
44.60	-47.154974	-50.024691	-50.069051
44.70	-47.256186	-50.829709	-50.084459
44.80	-47.955116	-51.547368	-50.180818
44.90	-49.739195	-52.780052	-51.202625
45.00	-50.363821	-53.326769	-51.636982
45.10	-51.008076	-52.828879	-52.206130
45.20	-50.619680	-51.875230	-52.634903
45.30	-50.432717	-51.085629	-52.302187
45.40	-50.775278	-50.045040	-52.480159
45.50	-50.695632	-49.638979	-52.424632
45.60	-51.460358	-48.788365	-52.297646
45.70	-51.489411	-48.568843	-51.329911
45.80	-50.346170	-48.888622	-50.102972
45.90	-50.042860	-48.746195	-49.729193
46.00	-49.113615	-48.105898	-49.321269
46.10	-49.977754	-48.174465	-49.753530
46.20	-50.605116	-48.876640	-50.288413
46.30	-51.352649	-50.558091	-50.905391
46.40	-51.805537	-51.897556	-51.232853
46.50	-52.032060	-52.865014	-51.691588
46.60	-52.089160	-53.006027	-51.477351
46.70	-51.122971	-52.354429	-50.919735
46.80	-49.713511	-51.929370	-50.304584
46.90	-49.425739	-51.821917	-49.291244
47.00	-49.175286	-52.394984	-49.640444
47.10	-50.743218	-53.558776	-49.820216
47.20	-51.815091	-54.101193	-49.952806
47.30	-52.382457	-53.982888	-49.556781
47.40	-52.811765	-53.273463	-49.692385
47.50	-52.858033	-51.815254	-49.475032
47.60	-53.489699	-50.638256	-50.606738
47.70	-53.498977	-49.848806	-51.475243
47.80	-52.600110	-48.855546	-52.462641
47.90	-52.213166	-48.040156	-52.769675
48.00	-51.552892	-46.579663	-52.800133
48.10	-51.893064	-45.794453	-51.876534
48.20	-51.892711	-45.158516	-51.477845
48.30	-51.743365	-46.706889	-50.769541
48.40	-50.702137	-48.109965	-51.051739
48.50	-48.555817	-49.840887	-51.029096
48.60	-47.750145	-51.021024	-51.739222
48.70	-46.613159	-51.162228	-51.700485
48.80	-47.383698	-51.339860	-51.443817
48.90	-47.924537	-51.520376	-50.831891
49.00	-48.566326	-51.223906	-50.653910
49.10	-47.930827	-51.345454	-50.981208
49.20	-48.689563	-50.493015	-51.785584
49.30	-49.359622	-49.235656	-52.286759
49.40	-50.671199	-48.688113	-51.804460
49.50	-52.047600	-48.944171	-50.305430
49.60	-52.298084	-49.648099	-49.297384
49.70	-52.355659	-51.086998	-48.782245
49.80	-52.258746	-51.481058	-49.274987
49.90	-51.959109	-52.429739	-50.306716
50.00	-52.017518	-53.015003	-50.656988
50.10	-51.512223	-53.985301	-51.032600
50.20	-51.070442	-54.571459	-50.228897
50.30	-50.234049	-54.327232	-50.492925
50.40	-49.913934	-53.648023	-50.485283
50.50	-48.857100	-52.845313	-51.054546
50.60	-49.955058	-51.235529	-51.616047
50.70	-50.650547	-50.200700	-51.342817
50.80	-52.403627	-49.745496	-51.838379
50.90	-53.555699	-49.968210	-52.385702
51.00	-54.007248	-51.105590	-53.402879
51.10	-53.527934	-51.652990	-54.058916
51.20	-52.208971	-52.056906	-53.990413
51.30	-51.360734	-51.749235	-53.474787
51.40	-51.075548	-51.807131	-52.948871
51.50	-51.296952	-51.407997	-52.300509
51.60	-52.124231	-50.596141	-50.917917
51.70	-52.492484	-50.098853	-49.553703
51.80	-52.494476	-48.503997	-48.659425
51.90	-52.030495	-48.052488	-47.957158
52.00	-51.243950	-47.738307	-47.426660
52.10	-49.575119	-47.028970	-47.378943
52.20	-48.629149	-46.982202	-47.644094
52.30	-48.005486	-46.238270	-48.847223
52.40	-47.326102	-46.501848	-50.393475
52.50	-48.015175	-47.210244	-51.888949
52.60	-48.584760	-49.035773	-52.968185
52.70	-49.207197	-50.946333	-53.405263
52.80	-49.211426	-52.973186	-52.922864
52.90	-49.153132	-54.636727	-51.875359
53.00	-48.283514	-55.920558	-50.642888
53.10	-48.298007	-56.557559	-49.600922
53.20	-47.969605	-56.361129	-48.472437
53.30	-48.631867	-56.060633	-47.495957
53.40	-49.603865	-55.769733	-47.794388
53.50	-51.488049	-55.605836	-47.782417
53.60	-53.217150	-55.559985	-48.487717
53.70	-54.652640	-55.161941	-49.026848
53.80	-55.550067	-53.993974	-49.852729
53.90	-55.711030	-53.289458	-50.902506
54.00	-55.472929	-52.294597	-51.876084
54.10	-54.717570	-51.234738	-51.644515
54.20	-53.307433	-50.342121	-50.492806
54.30	-51.979526	-49.486274	-50.154691
54.40	-51.014116	-48.128557	-49.545139
54.50	-50.041599	-47.064235	-50.586649
54.60	-49.982142	-45.809314	-51.545165
54.70	-49.440982	-46.008166	-52.603171
54.80	-49.815478	-47.056036	-53.000284
54.90	-49.605967	-47.719294	-52.401912
55.00	-48.986342	-48.112726	-51.957956
55.10	-48.476994	-47.499779	-51.476118
55.20	-48.039134	-48.983550	-51.275780
55.30	-48.499779	-50.729412	-50.381546
55.40	-49.049212	-53.246698	-49.353593
55.50	-50.378106	-54.766700	-47.244403
55.60	-51.109297	-54.922270	-46.971924
55.70	-51.277038	-54.186165	-46.944650
55.80	-51.609308	-53.551044	-49.024278
55.90	-51.569283	-53.725617	-50.918501
56.00	-52.408362	-54.175365	-52.305253
56.10	-53.250401	-54.837659	-52.317871
56.20	-54.043758	-54.588871	-52.006775
56.30	-53.919572	-54.123513	-50.601861
56.40	-53.600734	-53.888712	-49.238310
56.50	-53.704255	-53.981256	-47.781138
56.60	-53.973120	-54.249495	-46.901376
56.70	-54.810125	-54.277765	-46.422477
56.80	-54.917637	-54.102739	-46.747891
56.90	-55.099134	-53.719179	-47.232172
57.00	-54.819311	-53.908130	-49.128922
57.10	-55.511357	-53.732918	-50.666964
57.20	-56.100740	-53.776857	-53.041379
57.30	-56.679164	-53.951448	-54.426886
57.40	-57.672132	-53.686025	-55.292255
57.50	-58.380398	-53.593082	-55.934323
57.60	-59.461018	-52.997438	-56.489535
57.70	-60.398315	-53.379078	-56.935374
57.80	-61.102534	-54.419260	-57.053821
57.90	-61.600692	-56.206965	-57.524134
58.00	-61.974179	-57.893584	-57.825497
58.10	-62.274438	-59.080823	-58.533241
58.20	-62.526328	-59.856433	-58.915177
58.30	-62.742448	-60.384226	-59.182620
58.40	-62.929886	-60.803416	-59.593518
58.50	-63.093168	-61.161982	-60.159192
58.60	-63.235494	-61.480112	-61.026574
58.70	-63.359323	-61.766668	-61.724453
58.80	-63.466658	-62.025828	-62.231904
58.90	-63.559236	-62.259952	-62.591969
59.00	-63.638543	-62.470778	-62.868010
59.10	-63.705902	-62.659845	-63.093043
59.20	-63.762500	-62.828634	-63.282733
59.30	-63.809394	-62.978617	-63.445195
59.40	-63.847525	-63.111219	-63.585210
59.50	-63.877750	-63.227882	-63.705939
59.60	-63.900847	-63.329919	-63.809732
59.70	-63.917514	-63.418617	-63.898469
59.80	-63.928378	-63.495145	-63.973743
59.90	-63.934009	-63.560608	-64.036920
60.00	-63.934919	-63.616011	-64.089228
60.10	-63.931570	-63.662286	-64.131765
60.20	-63.924389	-63.700289	-64.165499
60.30	-63.913761	-63.730791	-64.191314
60.40	-63.900034	-63.754498	-64.210008
60.50	-63.883523	-63.772058	-64.222298
60.60	-63.864516	-63.784061	-64.228831
60.70	-63.843274	-63.791035	-64.230192
60.80	-63.820033	-63.793459	-64.226910
60.90	-63.795007	-63.791770	-64.219462
61.00	-63.768392	-63.786368	-64.208274
61.10	-63.740369	-63.777617	-64.193736
61.20	-63.711099	-63.765848	-64.176199
61.30	-63.680733	-63.751366	-64.155982
61.40	-63.649405	-63.734441	-64.133371
61.50	-63.617243	-63.715323	-64.108627
61.60	-63.584357	-63.694241	-64.081987
61.70	-63.550852	-63.671401	-64.054607
61.80	-63.516822	-63.647383	-64.026365
61.90	-63.482354	-63.622236	-63.997197
62.00	-63.447529	-63.596026	-63.967087
62.10	-63.412420	-63.568828	-63.936052
62.20	-63.377093	-63.540723	-63.904134
62.30	-63.341610	-63.511795	-63.871391
62.40	-63.306027	-63.482126	-63.837893
62.50	-63.270397	-63.451798	-63.803713
62.60	-63.234767	-63.420893	-63.768926
62.70	-63.199182	-63.389484	-63.733610
62.80	-63.163677	-63.357645	-63.697841
62.90	-63.128290	-63.325446	-63.661693
63.00	-63.093052	-63.292950	-63.625234
63.10	-63.057992	-63.260218	-63.588533
63.20	-63.023139	-63.227303	-63.551649
63.30	-62.988518	-63.194259	-63.514639
63.40	-62.954150	-63.161137	-63.477555
63.50	-62.920057	-63.127982	-63.440447
63.60	-62.886257	-63.094837	-63.403356
63.70	-62.852761	-63.061737	-63.366325
63.80	-62.819585	-63.028718	-63.329394
63.90	-62.786740	-62.995812	-63.292598
64.00	-62.754240	-62.963047	-63.255971
64.10	-62.722093	-62.930452	-63.219543
64.20	-62.690310	-62.898048	-63.183341
64.30	-62.658899	-62.865857	-63.147391
64.40	-62.627868	-62.833901	-63.111715
64.50	-62.597223	-62.802201	-63.076334
64.60	-62.566972	-62.770771	-63.041265
64.70	-62.537119	-62.739626	-63.006524
64.80	-62.507664	-62.708780	-62.972124
64.90	-62.478614	-62.678245	-62.938076
65.00	-62.449969	-62.648034	-62.904393
65.10	-62.421734	-62.618156	-62.871085
65.20	-62.393909	-62.588621	-62.838159
65.30	-62.366495	-62.559436	-62.805624
65.40	-62.339491	-62.530607	-62.773486
65.50	-62.312899	-62.502140	-62.741749
65.60	-62.286715	-62.474037	-62.710416
65.70	-62.260940	-62.446304	-62.679492
65.80	-62.235572	-62.418941	-62.648981
65.90	-62.210606	-62.391951	-62.618884
66.00	-62.186038	-62.365337	-62.589204
66.10	-62.161861	-62.339099	-62.559940
66.20	-62.138074	-62.313240	-62.531093
66.30	-62.114670	-62.287760	-62.502660
66.40	-62.091644	-62.262659	-62.474644
66.50	-62.068995	-62.237938	-62.447041
66.60	-62.046719	-62.213593	-62.419851
66.70	-62.024813	-62.189623	-62.393071
66.80	-62.003274	-62.166025	-62.366699
66.90	-61.982097	-62.142794	-62.340733
67.00	-61.961279	-62.119929	-62.315170
67.10	-61.940814	-62.097425	-62.290007
67.20	-61.920699	-62.075279	-62.265242
67.30	-61.900928	-62.053491	-62.240870
67.40	-61.881498	-62.032055	-62.216890
67.50	-61.862404	-62.010970	-62.193299
67.60	-61.843644	-61.990229	-62.170093
67.70	-61.825211	-61.969826	-62.147269
67.80	-61.807100	-61.949757	-62.124821
67.90	-61.789306	-61.930021	-62.102744
68.00	-61.771824	-61.910612	-62.081032
68.10	-61.754650	-61.891528	-62.059680
68.20	-61.737780	-61.872765	-62.038683
68.30	-61.721208	-61.854319	-62.018034
68.40	-61.704929	-61.836185	-61.997731
68.50	-61.688937	-61.818360	-61.977767
68.60	-61.673227	-61.800839	-61.958139
68.70	-61.657794	-61.783618	-61.938842
68.80	-61.642633	-61.766692	-61.919869
68.90	-61.627739	-61.750056	-61.901214
69.00	-61.613107	-61.733705	-61.882874
69.10	-61.598733	-61.717636	-61.864844
69.20	-61.584613	-61.701843	-61.847118
69.30	-61.570741	-61.686322	-61.829692
69.40	-61.557115	-61.671069	-61.812560
69.50	-61.543728	-61.656079	-61.795717
69.60	-61.530576	-61.641348	-61.779158
69.70	-61.517654	-61.626872	-61.762879
69.80	-61.504958	-61.612645	-61.746875
69.90	-61.492482	-61.598662	-61.731143
70.00	-61.480223	-61.584918	-61.715676
70.10	-61.468176	-61.571409	-61.700472
70.20	-61.456336	-61.558130	-61.685524
70.30	-61.444699	-61.545077	-61.670827
70.40	-61.433263	-61.532247	-61.656376
70.50	-61.422021	-61.519634	-61.642167
70.60	-61.410970	-61.507235	-61.628196
70.70	-61.400106	-61.495044	-61.614458
70.80	-61.389426	-61.483058	-61.600951
70.90	-61.378924	-61.471270	-61.587668
71.00	-61.368598	-61.459680	-61.574607
71.10	-61.358444	-61.448282	-61.561762
71.20	-61.348459	-61.437073	-61.549129
71.30	-61.338639	-61.426051	-61.536705
71.40	-61.328982	-61.415211	-61.524485
71.50	-61.319485	-61.404550	-61.512466
71.60	-61.310144	-61.394066	-61.500644
71.70	-61.300956	-61.383754	-61.489014
71.80	-61.291917	-61.373611	-61.477574
71.90	-61.283026	-61.363634	-61.466319
72.00	-61.274279	-61.353819	-61.455247
72.10	-61.265671	-61.344165	-61.444353
72.20	-61.257201	-61.334667	-61.433634
72.30	-61.248865	-61.325322	-61.423087
72.40	-61.240662	-61.316129	-61.412708
72.50	-61.232588	-61.307084	-61.402495
72.60	-61.224641	-61.298183	-61.392445
72.70	-61.216818	-61.289425	-61.382554
72.80	-61.209117	-61.280806	-61.372820
72.90	-61.201536	-61.272323	-61.363238
73.00	-61.194072	-61.263972	-61.353805
73.10	-61.186722	-61.255753	-61.344519
73.20	-61.179485	-61.247661	-61.335376
73.30	-61.172359	-61.239695	-61.326375
73.40	-61.165341	-61.231853	-61.317511
73.50	-61.158429	-61.224131	-61.308783
73.60	-61.151622	-61.216528	-61.300188
73.70	-61.144917	-61.209042	-61.291723
73.80	-61.138313	-61.201669	-61.283387
73.90	-61.131807	-61.194407	-61.275175
74.00	-61.125398	-61.187253	-61.267087
74.10	-61.119084	-61.180206	-61.259119
74.20	-61.112862	-61.173263	-61.251270
74.30	-61.106731	-61.166423	-61.243536
74.40	-61.100689	-61.159683	-61.235918
74.50	-61.094735	-61.153041	-61.228410
74.60	-61.088867	-61.146496	-61.221012
74.70	-61.083084	-61.140046	-61.213721
74.80	-61.077382	-61.133689	-61.206535
74.90	-61.071762	-61.127423	-61.199451
75.00	-61.066221	-61.121245	-61.192468
75.10	-61.060758	-61.115155	-61.185583
75.20	-61.055371	-61.109149	-61.178795
75.30	-61.050058	-61.103227	-61.172101
75.40	-61.044820	-61.097387	-61.165498
75.50	-61.039653	-61.091627	-61.158986
75.60	-61.034558	-61.085946	-61.152561
75.70	-61.029532	-61.080343	-61.146223
75.80	-61.024574	-61.074815	-61.139970
75.90	-61.019684	-61.069363	-61.133800
76.00	-61.014860	-61.063984	-61.127711
76.10	-61.010101	-61.058678	-61.121704
76.20	-61.005405	-61.053442	-61.115775
76.30	-61.000772	-61.048276	-61.109924
76.40	-60.996199	-61.043178	-61.104150
76.50	-60.991687	-61.038147	-61.098451
76.60	-60.987234	-61.033183	-61.092826
76.70	-60.982838	-61.028283	-61.087273
76.80	-60.978500	-61.023448	-61.081792
76.90	-60.974217	-61.018675	-61.076381
77.00	-60.969990	-61.013965	-61.071040
77.10	-60.965816	-61.009315	-61.065766
77.20	-60.961695	-61.004725	-61.060559
77.30	-60.957626	-61.000195	-61.055417
77.40	-60.953607	-60.995721	-61.050340
77.50	-60.949638	-60.991304	-61.045326
77.60	-60.945719	-60.986943	-61.040374
77.70	-60.941847	-60.982635	-61.035483
77.80	-60.938022	-60.978381	-61.030653
77.90	-60.934244	-60.974179	-61.025883
78.00	-60.930511	-60.970029	-61.021171
78.10	-60.926823	-60.965929	-61.016517
78.20	-60.923180	-60.961879	-61.011919
78.30	-60.919579	-60.957878	-61.007377
78.40	-60.916022	-60.953925	-61.002890
78.50	-60.912506	-60.950019	-60.998457
78.60	-60.909032	-60.946159	-60.994076
78.70	-60.905598	-60.942345	-60.989748
78.80	-60.902204	-60.938575	-60.985471
78.90	-60.898850	-60.934850	-60.981244
79.00	-60.895535	-60.931167	-60.977067
79.10	-60.892257	-60.927528	-60.972938
79.20	-60.889017	-60.923930	-60.968857
79.30	-60.885813	-60.920374	-60.964823
79.40	-60.882645	-60.916858	-60.960836
79.50	-60.879513	-60.913382	-60.956895
79.60	-60.876415	-60.909946	-60.952999
79.70	-60.873352	-60.906548	-60.949148
79.80	-60.870323	-60.903189	-60.945341
79.90	-60.867328	-60.899867	-60.941577
80.00	-60.864366	-60.896583	-60.937857
80.10	-60.861436	-60.893335	-60.934178
80.20	-60.858539	-60.890123	-60.930541
80.30	-60.855674	-60.886948	-60.926945
80.40	-60.852841	-60.883807	-60.923389
80.50	-60.850038	-60.880702	-60.919873
80.60	-60.847267	-60.877631	-60.916396
80.70	-60.844525	-60.874594	-60.912958
80.80	-60.841814	-60.871591	-60.909559
80.90	-60.839133	-60.868621	-60.906197
81.00	-60.836480	-60.865683	-60.902873
81.10	-60.833857	-60.862778	-60.899585
81.20	-60.831261	-60.859904	-60.896334
81.30	-60.828694	-60.857061	-60.893119
81.40	-60.826154	-60.854249	-60.889939
81.50	-60.823641	-60.851468	-60.886793
81.60	-60.821155	-60.848717	-60.883682
81.70	-60.818696	-60.845995	-60.880605
81.80	-60.816264	-60.843303	-60.877561
81.90	-60.813857	-60.840641	-60.874550
82.00	-60.811476	-60.838007	-60.871571
82.10	-60.809120	-60.835401	-60.868624
82.20	-60.806789	-60.832823	-60.865709
82.30	-60.804483	-60.830273	-60.862825
82.40	-60.802202	-60.827750	-60.859971
82.50	-60.800346	-60.825254	-60.857148
82.60	-60.798794	-60.822784	-60.854355
82.70	-60.797453	-60.820340	-60.851591
82.80	-60.796251	-60.817922	-60.848857
82.90	-60.795134	-60.815529	-60.846151
83.00	-60.794063	-60.813162	-60.843475
83.10	-60.793007	-60.810819	-60.840826
83.20	-60.791944	-60.808501	-60.838205
83.30	-60.790859	-60.806207	-60.835612
83.40	-60.789741	-60.803937	-60.833047
83.50	-60.788582	-60.801691	-60.830508
83.60	-60.787378	-60.799468	-60.827996
83.70	-60.786128	-60.797269	-60.825510
83.80	-60.784828	-60.795092	-60.823051
83.90	-60.783481	-60.792938	-60.820617
84.00	-60.782088	-60.790807	-60.818208
84.10	-60.780650	-60.788697	-60.815825
84.20	-60.779172	-60.786610	-60.813466
84.30	-60.777654	-60.784544	-60.811132
84.40	-60.776102	-60.782499	-60.808823
84.50	-60.774516	-60.780476	-60.806537
84.60	-60.772902	-60.778473	-60.804275
84.70	-60.771261	-60.776491	-60.802037
84.80	-60.769597	-60.774530	-60.799821
84.90	-60.767912	-60.772589	-60.797628
85.00	-60.766210	-60.770667	-60.795457
85.10	-60.764492	-60.768766	-60.793308
85.20	-60.762762	-60.766884	-60.791181
85.30	-60.761022	-60.765021	-60.789074
85.40	-60.759274	-60.763177	-60.786989
85.50	-60.757520	-60.761352	-60.784925
85.60	-60.755761	-60.759545	-60.782881
85.70	-60.754001	-60.757757	-60.780857
85.80	-60.752240	-60.755988	-60.778854
85.90	-60.750481	-60.754236	-60.776871
86.00	-60.748724	-60.752502	-60.774907
86.10	-60.746971	-60.750785	-60.772963
86.20	-60.745223	-60.749086	-60.771039
86.30	-60.743481	-60.747404	-60.769133
86.40	-60.741747	-60.745740	-60.767247
86.50	-60.740021	-60.744092	-60.765379
86.60	-60.738305	-60.742460	-60.763530
86.70	-60.736599	-60.740845	-60.761699
86.80	-60.734904	-60.739246	-60.759886
86.90	-60.733220	-60.737663	-60.758092
87.00	-60.731547	-60.736097	-60.756315
87.10	-60.729887	-60.734545	-60.754556
87.20	-60.728240	-60.733010	-60.752814
87.30	-60.726605	-60.731489	-60.751090
87.40	-60.724984	-60.729984	-60.749383
87.50	-60.723378	-60.728494	-60.747692
87.60	-60.721785	-60.727019	-60.746019
87.70	-60.720207	-60.725558	-60.744362
87.80	-60.718643	-60.724112	-60.742721
87.90	-60.717095	-60.722680	-60.741097
88.00	-60.715562	-60.721262	-60.739489
88.10	-60.714044	-60.719859	-60.737896
88.20	-60.712542	-60.718469	-60.736319
88.30	-60.711055	-60.717093	-60.736277
88.40	-60.709584	-60.715731	-60.737299
88.50	-60.708128	-60.714382	-60.739025
88.60	-60.706689	-60.713046	-60.741179
88.70	-60.705265	-60.711723	-60.743553
88.80	-60.703857	-60.710414	-60.745991
88.90	-60.702464	-60.709117	-60.748379
89.00	-60.701087	-60.707833	-60.750635
89.10	-60.699726	-60.706562	-60.752709
89.20	-60.698380	-60.705302	-60.754563
89.30	-60.697050	-60.704056	-60.756180
89.40	-60.695734	-60.702821	-60.757549
89.50	-60.694435	-60.701598	-60.758668
89.60	-60.693150	-60.700388	-60.759540
89.70	-60.691880	-60.699189	-60.760683
89.80	-60.690626	-60.698001	-60.761952
89.90	-60.689385	-60.696826	-60.763238
90.00	-60.688160	-60.695661	-60.764465
90.10	-60.686949	-60.694508	-60.765578
90.20	-60.685752	-60.693366	-60.766541
90.30	-60.684570	-60.692235	-60.767328
90.40	-60.683401	-60.691115	-60.767926
90.50	-60.682246	-60.690005	-60.768328
90.60	-60.681105	-60.688907	-60.768532
90.70	-60.679978	-60.687819	-60.768541
90.80	-60.678864	-60.686741	-60.768361
90.90	-60.677762	-60.685673	-60.768000
91.00	-60.676674	-60.684616	-60.767466
91.10	-60.675599	-60.683569	-60.766771
91.20	-60.674537	-60.682532	-60.765923
91.30	-60.673486	-60.681505	-60.764933
91.40	-60.672449	-60.680488	-60.763812
91.50	-60.671423	-60.679480	-60.762570
91.60	-60.670409	-60.678482	-60.761217
91.70	-60.669407	-60.677493	-60.759764
91.80	-60.668417	-60.676514	-60.758219
91.90	-60.667438	-60.675544	-60.756592
92.00	-60.666471	-60.674583	-60.754892
92.10	-60.665515	-60.673631	-60.753126
92.20	-60.664569	-60.672688	-60.751302
92.30	-60.663635	-60.671754	-60.749427
92.40	-60.662711	-60.670829	-60.747508
92.50	-60.661798	-60.669913	-60.745550
92.60	-60.660895	-60.669005	-60.743559
92.70	-60.660002	-60.668105	-60.741539
92.80	-60.659119	-60.667214	-60.739497
92.90	-60.658246	-60.666332	-60.737436
93.00	-60.657383	-60.665457	-60.735361
93.10	-60.656530	-60.664591	-60.733276
93.20	-60.655685	-60.663733	-60.731184
93.30	-60.654851	-60.662883	-60.729090
93.40	-60.654025	-60.662041	-60.726996
93.50	-60.653209	-60.661206	-60.724906
93.60	-60.652401	-60.660379	-60.722821
93.70	-60.651602	-60.659560	-60.720744
93.80	-60.650812	-60.658749	-60.718678
93.90	-60.650030	-60.657945	-60.716623
94.00	-60.649257	-60.657148	-60.714583
94.10	-60.648492	-60.656359	-60.712557
94.20	-60.647735	-60.655577	-60.710549
94.30	-60.646986	-60.654802	-60.708559
94.40	-60.646245	-60.654034	-60.706588
94.50	-60.645512	-60.653274	-60.704639
# IV Measures at spl 40
# RMP 	0.331254	0 
# IVshift	23.7
# IVOnset	0	1.03605
# IVAdaptation	1.95517	1.22473
# IVOffset	-0.0937475	6.66762
# IV Measures RMS error 	3.40035
# IV RMS Error: 	 3.40035
 
#PSTH: Time	 Rate (sp/s)
# 0	0.000000
# 1	192.000000
# 2	304.000000
# 3	296.000000
# 4	272.000000
# 5	272.000000
# 6	184.000000
# 7	0.000000
# 8	0.000000
# 9	0.000000
# 10	0.000000
# 11	0.000000
# 12	0.000000
#CV: Time	 CV ()		 ISI mean (ms)		 ISI sd (ms) 
# 0	0.201672	3.744444	0.755151
# 1	0.244261	3.412000	0.833417
# 2	0.222226	3.405333	0.756752
# 3	0.253909	3.738806	0.949315
# 4	0.227705	3.531148	0.804061
#CV: Time	 CV reference		 CV test ()	 Weighting 
# 0	0.201672	0.132000	10000.000000
# 1	0.244261	0.236500	10000.000000
# 2	0.222226	0.259100	10000.000000
# 3	0.253909	0.260500	10000.000000
# CV RMS Error 	3.97417
 # CV Measures RMS error 	0
#   FSL Mean 4.804, Std Dev 1.72735 
# Checked trials 	25
# Sustained rate 	53.12
# Post stimulus rate penalty 	0

# IV Measures at spl 50
# RMP 	-55.9836	0 
# IVshift	23.4
# IVOnset	0.983041	1.02859
# IVAdaptation	0.995853	1.29033
# IVOffset	0.0753952	7.1504
# IV Measures RMS error 	3.54064
# IV RMS Error: 	 3.54064
 
#PSTH: Time	 Rate (sp/s)
# 0	0.000000
# 1	216.000000
# 2	292.000000
# 3	276.000000
# 4	280.000000
# 5	288.000000
# 6	196.000000
# 7	0.000000
# 8	0.000000
# 9	0.000000
# 10	0.000000
# 11	0.000000
# 12	0.000000
#CV: Time	 CV ()		 ISI mean (ms)		 ISI sd (ms) 
# 0	0.293435	3.624000	1.063410
# 1	0.274429	3.445205	0.945463
# 2	0.262748	3.515942	0.923807
# 3	0.258037	3.501449	0.903505
# 4	0.234271	3.552239	0.832186
#CV: Time	 CV reference		 CV test ()	 Weighting 
# 0	0.293435	0.132000	24000.000000
# 1	0.274429	0.236500	24000.000000
# 2	0.262748	0.259100	24000.000000
# 3	0.258037	0.260500	24000.000000
# CV RMS Error 	12.8498
 # CV Measures RMS error 	0
#   FSL Mean 4.876, Std Dev 1.31062 
# Checked trials 	25
# Sustained rate 	53.28
# Post stimulus rate penalty 	0

# IV Measures at spl 60
# RMP 	0.273316	0 
# IVshift	23.2
# IVOnset	0	1.02375
# IVAdaptation	1.95517	1.55219
# IVOffset	-0.803195	7.06176
# IV Measures RMS error 	3.93764
# IV RMS Error: 	 3.93764
 
#PSTH: Time	 Rate (sp/s)
# 0	0.000000
# 1	232.000000
# 2	276.000000
# 3	272.000000
# 4	268.000000
# 5	252.000000
# 6	216.000000
# 7	0.000000
# 8	0.000000
# 9	0.000000
# 10	0.000000
# 11	0.000000
# 12	0.000000
#CV: Time	 CV ()		 ISI mean (ms)		 ISI sd (ms) 
# 0	0.218252	3.550943	0.774999
# 1	0.310033	3.486567	1.080950
# 2	0.371869	3.682857	1.369541
# 3	0.272298	3.723881	1.014006
# 4	0.290338	3.803704	1.104359
#CV: Time	 CV reference		 CV test ()	 Weighting 
# 0	0.218252	0.132000	14000.000000
# 1	0.310033	0.236500	14000.000000
# 2	0.371869	0.259100	14000.000000
# 3	0.272298	0.260500	14000.000000
# CV RMS Error 	9.48467
 # CV Measures RMS error 	0
#   FSL Mean 5.072, Std Dev 1.26013 
# Checked trials 	25
# Sustained rate 	51.36
# Sustained rate penalty 	0
# Post stimulus rate penalty 	0

#  Input Resistance = 163.108
#  Input Resistance Penalty = 0
#  tonefreq = 9100
# bandwidth
#	0.0000	0.0000	0.0000	0.0000
#	3.0000	0.0000	0.0000	0.0000
#	9.0000	30.0000	0.0000	5.0000
#	3.0000	30.0000	2.0000	0.0000
#	0.0000	0.0000	40.0000	1.0000
#	0.0000	0.0000	40.0000	2.4837
# num. connections
#	0	0	0	0
#	20	0	0	0
#	20	30	0	0
#	20	20	5	0
#	30	20	125	1
#	30	20	84	1
# weights
#	0	0	0	0
#	0.00032426	0	0	0
#	0.00040527	0.00179324	0	0
#	0.00014179	0.00129324	0.000531549	0
#	0.00088558	0.000645083	0.000167221	0.0487
#	0.0016202	0.0051716	0.01103	0.5166
# delay
#	0.4000	0.0000	0.4000	0.0000
#	0.4000	0.0000	1.0000	0.0000
#	0.4000	0.5000	0.0000	0.0000
#	0.5000	0.5000	0.4000	0.0000
#	1.6000	2.0000	1.0000	2.5000
#	1.6000	2.0000	1.0000	2.5000
# offset  2.1
# golgi_syn_filter_scale_factor 1
# golgi_spon 3.7271
# ds_gaba_decay			 5.43235
# ds_gaba_rise			 0.261939
# ds_erev  -70
# ds_gkltbar	 0.0163897
# ds_gkhtbar	 0.030623
# ds_gleak  0.000274146
# ds_gnabar  0.30623
# tv_gleak  0.000249321
# tv_erev  -72
# ts_gkhtbar  0.0189416
# ts_gnabar  0.23677
# ts_gkabar  0.01539
# ts_ghbar  6.20392e-05
# ts_gleak  0.000473539
# ts_erev  -60.9
# ts_dend_g  0.001
# ts_dend_e  -65
# ts_jitter_sd  0.2
