# Tstellate cell raster plot
0 0 0     26.600
0 0 0     36.100
0 0 0     42.800
0 0 0     59.800
0 0 0     71.400
1 0 1     27.100
1 0 1     45.500
1 0 1     53.900
1 0 1     59.200
1 0 1     70.800
2 0 2     42.800
2 0 2     68.900
3 0 3     57.700
4 0 4     17.500
4 0 4     33.000
4 0 4     53.600
5 0 5      9.400
5 0 5     29.400
6 0 6     33.700
7 0 7     34.600
7 0 7     49.700
9 0 9      4.200
9 0 9     29.700
9 0 9     39.400
9 0 9     64.100
9 0 9     72.700
10 0 10     30.300
10 0 10     39.700
10 0 10     63.000
12 0 12     26.500
12 0 12     35.800
12 0 12     55.400
13 0 13     21.000
13 0 13     50.600
13 0 13     71.400
14 0 14     30.600
14 0 14     59.900
15 0 15      5.700
15 0 15     21.500
15 0 15     37.800
16 0 16      3.200
16 0 16     35.500
16 0 16     59.200
17 0 17     19.000
18 0 18     17.800
18 0 18     43.000
19 0 19     22.900
20 0 20     12.400
20 0 20     21.700
21 0 21      6.000
21 0 21     60.600
22 0 22     38.200
23 0 23      8.800
23 0 23     31.300
23 0 23     60.500
24 0 24     33.700
24 0 24     52.700
25 0 25      2.900
25 0 25     44.900
25 0 25     52.900
26 0 26      5.200
26 0 26     12.800
26 0 26     52.200
26 0 26     63.200
27 0 27      3.500
27 0 27     25.500
27 0 27     47.700
27 0 27     59.100
28 0 28     12.700
28 0 28     61.400
28 0 28     72.600
29 0 29     19.700
30 0 30     17.200
30 0 30     53.100
30 0 30     78.600
33 0 33     12.100
33 0 33     35.000
33 0 33     54.800
34 0 34     47.700
35 0 35     10.300
35 0 35     18.800
35 0 35     29.900
35 0 35     41.200
35 0 35     45.800
35 0 35     59.400
36 0 36     19.000
36 0 36     42.600
36 0 36     72.900
37 0 37     11.800
37 0 37     49.100
37 0 37     76.200
38 0 38     73.300
39 0 39     25.600
40 0 40     11.300
40 0 40     54.100
40 0 40     74.500
41 0 41     56.800
42 0 42      4.700
42 0 42     18.600
42 0 42     26.100
42 0 42     33.800
42 0 42     38.900
42 0 42     42.100
42 0 42     48.600
42 0 42     55.100
42 0 42     58.400
43 0 43      5.100
43 0 43     26.000
43 0 43     30.000
43 0 43     34.700
43 0 43     38.900
43 0 43     42.100
43 0 43     48.800
43 0 43     55.400
43 0 43     58.900
43 0 43     66.300
43 0 43     71.200
44 0 44     26.100
44 0 44     29.600
44 0 44     33.100
44 0 44     37.600
44 0 44     41.600
44 0 44     45.500
44 0 44     49.300
44 0 44     53.100
44 0 44     58.500
44 0 44     62.500
44 0 44     70.200
45 0 45     25.600
45 0 45     29.000
45 0 45     32.100
45 0 45     36.400
45 0 45     39.400
45 0 45     44.000
45 0 45     49.300
45 0 45     52.600
45 0 45     55.600
45 0 45     59.400
45 0 45     62.400
45 0 45     67.100
45 0 45     70.000
46 0 46     25.500
46 0 46     28.100
46 0 46     31.500
46 0 46     35.300
46 0 46     40.800
46 0 46     45.400
46 0 46     49.400
46 0 46     54.700
46 0 46     58.100
46 0 46     61.400
46 0 46     66.600
46 0 46     73.300
47 0 47     25.500
47 0 47     28.900
47 0 47     32.100
47 0 47     35.000
47 0 47     39.900
47 0 47     43.000
47 0 47     47.900
47 0 47     51.000
47 0 47     58.700
47 0 47     64.400
47 0 47     67.400
47 0 47     72.700
48 0 48      7.800
48 0 48     20.400
48 0 48     25.300
48 0 48     29.100
48 0 48     31.600
48 0 48     35.100
48 0 48     39.300
48 0 48     42.800
48 0 48     45.400
48 0 48     51.000
48 0 48     58.700
48 0 48     62.800
48 0 48     68.800
48 0 48     71.200
49 0 49     16.900
49 0 49     25.400
49 0 49     28.900
49 0 49     32.000
49 0 49     34.000
49 0 49     37.200
49 0 49     40.200
49 0 49     43.000
49 0 49     46.500
49 0 49     50.200
49 0 49     59.200
49 0 49     64.300
49 0 49     67.700
49 0 49     70.800
49 0 49     75.100
50 0 50      6.400
50 0 50     25.100
50 0 50     29.600
50 0 50     32.000
50 0 50     34.700
50 0 50     37.400
50 0 50     40.500
50 0 50     46.400
50 0 50     49.200
50 0 50     52.400
50 0 50     56.600
50 0 50     60.500
50 0 50     63.700
50 0 50     69.100
50 0 50     74.500
51 0 51      7.800
51 0 51     17.800
51 0 51     25.200
51 0 51     28.000
51 0 51     31.100
51 0 51     33.500
51 0 51     36.500
51 0 51     39.100
51 0 51     43.100
51 0 51     46.500
51 0 51     49.100
51 0 51     52.400
51 0 51     56.300
51 0 51     60.500
51 0 51     63.500
51 0 51     68.000
51 0 51     70.800
51 0 51     74.000
52 0 52     25.200
52 0 52     28.500
52 0 52     31.700
52 0 52     34.500
52 0 52     37.200
52 0 52     40.400
52 0 52     42.800
52 0 52     47.400
52 0 52     52.000
52 0 52     58.400
52 0 52     61.500
52 0 52     66.100
52 0 52     71.600
52 0 52     74.400
53 0 53     25.200
53 0 53     27.800
53 0 53     30.600
53 0 53     33.300
53 0 53     37.200
53 0 53     42.000
53 0 53     45.500
53 0 53     50.500
53 0 53     53.800
53 0 53     58.600
53 0 53     67.600
53 0 53     74.900
54 0 54     25.100
54 0 54     28.900
54 0 54     32.600
54 0 54     38.800
54 0 54     42.600
54 0 54     47.600
54 0 54     54.500
54 0 54     58.400
54 0 54     61.600
54 0 54     65.100
54 0 54     68.500
54 0 54     72.700
55 0 55      9.100
55 0 55     25.000
55 0 55     27.600
55 0 55     30.300
55 0 55     33.400
55 0 55     37.700
55 0 55     41.100
55 0 55     43.900
55 0 55     48.300
55 0 55     51.800
55 0 55     56.900
55 0 55     59.900
55 0 55     62.600
55 0 55     65.500
55 0 55     68.400
55 0 55     72.100
55 0 55     74.800
56 0 56     25.100
56 0 56     28.300
56 0 56     37.000
56 0 56     40.100
56 0 56     44.500
56 0 56     47.700
56 0 56     51.700
56 0 56     56.900
56 0 56     59.300
56 0 56     63.000
56 0 56     65.500
56 0 56     71.500
57 0 57     19.900
57 0 57     25.000
57 0 57     29.500
57 0 57     33.900
57 0 57     37.900
57 0 57     42.400
57 0 57     45.700
57 0 57     49.500
57 0 57     52.800
57 0 57     55.300
57 0 57     58.100
57 0 57     62.800
57 0 57     66.800
57 0 57     71.800
58 0 58      9.300
58 0 58     22.000
58 0 58     25.000
58 0 58     32.600
58 0 58     37.100
58 0 58     42.300
58 0 58     46.700
58 0 58     49.900
58 0 58     53.000
58 0 58     55.900
58 0 58     59.600
58 0 58     65.200
58 0 58     69.000
58 0 58     73.900
59 0 59     24.400
59 0 59     27.600
59 0 59     31.500
59 0 59     37.700
59 0 59     42.100
59 0 59     44.600
59 0 59     47.200
59 0 59     50.500
59 0 59     54.500
59 0 59     60.400
59 0 59     64.800
59 0 59     67.400
59 0 59     71.700
60 0 60     24.600
60 0 60     29.400
60 0 60     32.200
60 0 60     35.700
60 0 60     38.700
60 0 60     43.000
60 0 60     46.300
60 0 60     49.300
60 0 60     53.400
60 0 60     58.700
60 0 60     61.500
60 0 60     65.100
60 0 60     68.900
60 0 60     73.300
61 0 61     18.500
61 0 61     25.400
61 0 61     28.200
61 0 61     30.800
61 0 61     33.700
61 0 61     36.900
61 0 61     39.500
61 0 61     44.000
61 0 61     47.100
61 0 61     52.800
61 0 61     56.000
61 0 61     60.700
61 0 61     63.400
61 0 61     68.900
61 0 61     73.500
62 0 62      4.500
62 0 62     21.800
62 0 62     25.800
62 0 62     28.200
62 0 62     31.300
62 0 62     34.100
62 0 62     36.800
62 0 62     40.700
62 0 62     44.600
62 0 62     47.900
62 0 62     52.300
62 0 62     54.600
62 0 62     58.400
62 0 62     61.900
62 0 62     66.100
62 0 62     72.100
63 0 63      3.700
63 0 63     22.400
63 0 63     26.200
63 0 63     29.200
63 0 63     35.600
63 0 63     41.000
63 0 63     45.900
63 0 63     52.400
63 0 63     57.700
63 0 63     61.200
63 0 63     69.200
63 0 63     73.800
64 0 64      3.400
64 0 64     19.600
64 0 64     26.000
64 0 64     29.400
64 0 64     34.700
64 0 64     41.100
64 0 64     46.100
64 0 64     49.400
64 0 64     52.200
64 0 64     56.800
64 0 64     62.700
64 0 64     66.200
64 0 64     69.700
64 0 64     73.500
65 0 65      3.400
65 0 65     17.600
65 0 65     27.500
65 0 65     30.800
65 0 65     38.300
65 0 65     45.600
65 0 65     53.700
65 0 65     64.500
65 0 65     73.200
66 0 66     31.200
66 0 66     38.200
66 0 66     48.400
66 0 66     52.000
66 0 66     63.400
67 0 67     39.500
67 0 67     49.500
67 0 67     54.600
68 0 68     29.500
68 0 68     50.400
68 0 68     58.200
68 0 68     70.700
69 0 69     15.800
69 0 69     33.600
69 0 69     44.700
69 0 69     68.600
70 0 70     31.500
71 0 71     18.800
71 0 71     30.400
71 0 71     44.800
71 0 71     65.000
71 0 71     72.600
72 0 72     28.700
72 0 72     39.600
72 0 72     52.800
72 0 72     70.600
74 0 74      7.100
74 0 74     12.700
74 0 74     19.800
75 0 75      7.800
75 0 75     21.800
75 0 75     47.700
76 0 76     23.500
77 0 77     50.400
78 0 78     35.100
78 0 78     44.800
79 0 79     20.000
79 0 79     29.500
79 0 79     48.900
79 0 79     59.800
80 0 80      4.600
80 0 80     38.600
80 0 80     59.700
81 0 81     29.600
81 0 81     75.400
82 0 82     19.600
82 0 82     23.800
82 0 82     53.700
83 0 83      4.900
83 0 83     22.900
83 0 83     49.200
83 0 83     72.400
85 0 85     10.500
85 0 85     57.900
85 0 85     69.200
86 0 86     55.600
87 0 87      4.400
87 0 87     49.800
87 0 87     74.100
88 0 88     15.700
88 0 88     25.800
88 0 88     51.400
89 0 89     78.100
91 0 91     27.300
91 0 91     34.400
91 0 91     42.500
91 0 91     52.200
91 0 91     60.200
92 0 92     26.400
92 0 92     48.800
92 0 92     72.500
93 0 93     30.900
93 0 93     37.500
94 0 94     25.900
94 0 94     72.100
95 0 95     23.900
96 0 96      5.400
96 0 96     40.100
97 0 97     60.200
98 0 98     11.000
98 0 98     15.700
98 0 98     55.500
98 0 98     69.700
99 0 99     31.900
99 0 99     45.600
99 0 99     74.900
